ID_ESTADO|ID_DISTRITO|TIPO_CANDIDATURA|NUMERO_VOTOS_NULOS|NUM_VOTOS_CAN_NREG|NUMERO_VOTOS_VALIDOS|TOTAL_VOTOS|PAN|PRI|PRD|PVEM|PT|MC|PANAL|PRI_PVEM|PRD_PT_MC|PRD_PT|PRD_MC|PT_MC
1|1|4|11845|87|139525|151370|42179|46561|8319|7165|3880|1477|26991||1912|672|121|161
1|1|5|11918|89|140068|151986|42369|46732|9441|7182|4949|2262|27044|||||
1|2|4|14553|251|165333|179886|54480|50217|16450|8508|4163|3368|22429||4168|869|254|176
1|3|4|11557|178|145382|156939|62656|43277|12223|6092|2481|2192|12833||2564|600|174|112
1|3|5|11746|181|146686|158432|63217|43547|13759|6133|3722|3224|12903|||||
2|1|5|13461|66|127228|140689|47429|43247|17040|5379|3739|3744|6584|||||
2|3|4|11343|84|136934|148277|41733|39146|28118|4933|6019|2695|5242||6124|2228|416|196
2|3|5|11572|85|138640|150212|42300|39495|32041|4986|9345|5106|5282|||||
2|4|4|12133|59|146071|158204|43579|37428|26614|6845|9580|3563|7793||7475|2370|428|337
2|6|5|14320|73|146644|160964|48254|40969|31031|6704|7252|6891|5470|||||
2|7|4|16041|72|154884|170925|52136|50018|23480|7246|4651|2842|6137||6018|1692|404|188
2|7|5|16193|74|156503|172696|52757|50512|26859|7295|7640|5180|6186|||||
2|8|4|14145|94|168890|183035|51768|46425|34350|7897|5408|5009|6425||8241|2276|723|274
3|1|5|9566|63|108553|118119|39816|42353|13552|1719|4869|3560|2621|||||
3|2|5|11140|110|125588|136728|43907|47013|17738|3461|5548|4524|3287|||||
4|1|4|17566|68|182316|199882|53634|77861|18388|3582|3285|7359|11017||5089|1005|488|540
4|1|5|17848|69|184331|202179|54272|78420|21295|3627|5795|9703|11150|||||
4|2|4|18518|55|160338|178856|56759|61006|18854|3093|3820|4344|4920||5012|1626|413|436
4|2|5|18749|56|163247|181996|57768|61747|22366|3183|6584|6546|4997|||||
5|1|4|11033|64|142291|153324|56175|56985|11858|5570|2585|1554|4198||2276|689|185|152
5|1|5|11158|66|143371|154529|56689|57241|13248|5600|3796|2495|4236|||||
5|2|4|11165|68|166318|177483|61098|66515|17152|5237|3712|1873|5872||3231|1161|254|145
5|3|4|11630|74|167065|178695|71554|60124|15747|5178|3257|1741|5006||3259|844|179|102
5|3|5|11677|74|167511|179188|71804|60196|17433|5187|4827|2977|5013|||||
5|4|4|13014|60|143017|156031|48260|60956|13148|5939|3045|1465|6420||2634|788|162|140
5|5|4|13349|62|161474|174823|57070|63452|18464|5958|3737|1740|5388||4126|1100|234|143
5|5|5|13442|62|162175|175617|57453|63558|20658|5976|5746|3311|5411|||||
5|6|4|12245|126|178069|190314|74787|52979|25282|4952|4320|2310|6487||5129|1265|224|208
5|7|5|10501|133|137019|147520|57140|49870|13430|4459|3895|2278|5814|||||
6|1|4|6102|122|160641|166743|54914|64848|13377|4707|6171|1825|3392|7812|2358|816|141|158
6|1|5|6469|127|163289|169758|55960|69455|15172|8687|7567|2857|3464|||||
7|1|4|11960|49|186271|198231|21763|45282|36668|51216|8575|2380|2726|5539|7149|4291|413|220
7|1|5|12229|51|187124|199353|21910|48244|41739|54041|13259|5128|2752|||||
7|2|4|9165|80|150670|159835|14389|53994|31820|27330|5302|800|10059|2736|1919|2096|88|57
7|3|4|10623|36|161092|171715|21804|39826|26356|46704|3578|1717|12577|3412|3185|1619|178|100
7|3|5|10696|36|161415|172111|21875|41624|28402|48449|5510|2928|12591|||||
7|4|4|11199|91|159215|170414|30127|38810|21927|38070|4083|2089|11414|7061|3539|1658|224|122
7|5|4|11542|103|157073|168615|14283|56236|29377|33980|3385|2046|3314|8386|4029|1585|250|99
7|5|5|11678|106|158334|170012|14608|60622|32148|38243|5632|3618|3357|||||
7|6|5|12674|129|165496|178170|30557|43948|30195|43944|7025|4049|5649|||||
7|7|4|7988|39|131728|139716|29558|29042|19234|26636|5409|1781|8781|6023|3017|1945|170|93
7|9|5|13004|250|156794|169798|24505|32745|38934|37974|9152|6379|6855|||||
7|10|4|11491|96|151938|163429|28986|34447|20344|44645|3340|1717|8242|5379|2908|1548|187|99
7|10|5|11596|98|152388|163984|29119|37243|22303|47377|5145|2843|8260|||||
7|11|4|10350|55|160652|171002|28831|43085|27388|35469|6290|1360|2736|8404|3565|3175|196|98
7|12|5|8848|93|146500|155348|38857|46486|19157|28094|5751|3323|4739|||||
8|1|4|17161|166|157922|175083|35466|58711|24526|12357|5247|2971|8917||7207|1699|385|270
8|1|5|17305|166|158748|176053|35729|59010|28136|12398|8644|5713|8952|||||
8|3|5|10412|121|122807|133219|42321|35154|21736|7217|5394|4343|6521|||||
8|4|4|10613|75|90946|101559|23182|31409|13495|6225|3769|1667|5206||4259|1270|229|160
8|4|5|10650|75|91587|102237|23385|31617|15823|6245|5924|3288|5230|||||
8|5|5|13283|99|160992|174275|54016|71560|14785|5628|4226|2414|8264|||||
8|7|4|14897|93|140726|155623|34339|65431|17345|6555|3737|1938|6163||3278|1293|359|195
8|7|5|14921|93|140971|155892|34430|65495|19320|6568|5576|3317|6172|||||
8|8|5|15380|124|160446|175826|56069|60557|15297|9785|5523|2930|10161|||||
8|9|4|15363|111|133759|149122|34003|79145|6586|3767|1724|710|6061||1039|449|100|64
8|9|5|15422|112|134194|149616|34163|79298|7277|3776|2334|1154|6080|||||
9|1|4|4344|86|136352|140696|16403|18886|52259|5026|6623|3615|4220|6584|17265|4248|723|414
9|3|5|6733|168|182896|189629|37938|36455|65758|10504|14858|11309|5906|||||
9|4|4|5309|132|160944|166253|24183|22803|55362|5915|10379|5030|5059|7095|19153|4471|716|646
9|4|5|5402|132|161505|166907|24306|26449|64580|9478|19354|12136|5070|||||
9|7|5|6307|237|182469|188776|30417|38072|69364|11872|15595|11401|5511|||||
9|8|5|6807|186|186794|193601|39188|39327|64910|11236|15285|11185|5477|||||
9|10|4|7712|214|204725|212437|64695|37476|54038|6149|6577|4273|5167|8741|13657|2739|609|390
9|10|5|7712|214|204725|212437|64695|41847|60266|10519|12693|9324|5167|||||
9|11|4|5355|181|155047|160402|25373|25866|54608|5128|6909|4353|4843|7992|15315|3308|714|457
9|11|5|5421|181|155733|161154|25680|29999|61908|9141|13914|10056|4854|||||
9|14|4|5880|118|163943|169823|23498|22588|59417|5772|8668|4499|5170|7910|20267|4669|864|503
9|14|5|5880|118|163943|169823|23498|26543|68940|9727|18010|11937|5170|||||
9|15|5|9700|276|232364|242064|88480|43029|60718|10185|15314|9455|4907|||||
9|16|4|7213|165|189131|196344|39252|28207|60238|6908|7874|4819|7114|9280|18968|4776|1043|487
9|17|5|7972|235|203116|211088|50110|39084|66960|13437|15299|10358|7633|||||
9|19|4|4854|127|150522|155376|15788|20788|56363|5556|7857|4344|5024|7404|21236|4717|823|495
9|19|5|4995|127|150975|155970|15875|24559|66437|9267|17574|12101|5035|||||
9|20|4|6162|132|177948|184110|32650|29048|55824|6274|10864|5287|6340|8435|17521|4168|697|708
28|1|5|11709|148|164149|175858|76073|43621|15131|4657|3154|2279|19086|||||
28|2|5|11611|127|164223|175834|63602|50448|22791|7007|6118|4227|9903|||||
28|3|4|12813|88|208782|221595|83357|71217|22844|7433|4048|2250|11951||3919|1248|278|149
28|5|4|10981|74|169353|180334|53942|57137|14365|4724|5214|1970|26172||4211|1138|224|182
28|5|5|11007|75|169660|180667|54065|57202|16524|4733|7284|3594|26183|||||
28|6|5|10413|39|156345|166758|64305|59994|11745|5155|2769|1946|10392|||||
28|7|4|9652|93|177007|186659|74610|47385|26992|7014|2705|1847|9451||5159|1288|345|118
28|8|5|8462|91|157325|165787|78676|35993|21956|5680|3657|3283|7989|||||
29|1|4|16562|73|155913|172475|53205|42843|26985|7190|5274|3124|7973||6533|2003|465|245
29|1|5|16675|74|156502|173177|53407|42961|30579|7209|8604|5677|7991|||||
29|2|4|13008|87|167686|180694|43929|42125|38184|6792|8789|4518|8753||10696|2873|576|364
29|2|5|13322|88|169265|182587|44375|42545|43918|6852|14038|8619|8830|||||
29|3|4|13727|50|150744|164471|44134|38019|31163|4847|6007|4290|8004||10615|2666|628|321
29|3|5|13892|51|151604|165496|44367|38237|36625|4878|11080|8334|8032|||||
30|1|5|4083|40|136895|140978|52713|55583|13644|8089|2762|1931|2133|||||
30|2|4|5895|67|170021|175916|65326|62279|22102|4464|3314|744|2272|6509|1811|968|123|42
30|2|5|6059|68|170925|176984|65595|65881|23458|7745|4435|1440|2303|||||
30|3|4|4505|72|144464|148969|50900|51787|16642|4595|2105|1250|3133|9201|3438|989|232|120
30|3|5|4537|73|145744|150281|51400|56702|18678|9256|3862|2605|3168|||||
30|6|4|4304|36|139654|143958|47019|43698|22917|4093|2905|3367|2697|6735|4401|1269|417|100
30|6|5|4631|38|141402|146033|47547|47540|25767|7514|5111|5145|2740|||||
30|7|5|5371|67|153333|158704|56864|53129|21229|9089|4761|3293|4901|||||
30|8|4|6136|89|193905|200041|68984|55284|33397|4922|4260|3115|3723|9906|7398|2113|526|188
30|8|5|6226|105|194701|200927|69245|60434|37428|9897|7901|5956|3735|||||
30|10|4|6551|142|175706|182257|48796|37449|46894|4510|5015|3963|5726|8388|11202|2698|651|272
30|11|5|5545|123|178570|184115|32972|58701|58810|9612|8672|6835|2845|||||
30|12|4|4544|121|161030|165574|81355|32758|19481|2968|2370|3640|2948|7500|6390|841|455|203
30|12|5|4751|121|162953|167704|82226|36885|22778|6749|5062|6148|2984|||||
30|13|5|6017|99|180225|186242|85194|54740|20227|8930|3989|3863|3183|||||
30|14|4|4655|77|151088|155743|41076|50539|31144|3297|3037|1890|2244|8818|6481|1987|384|114
30|15|5|8350|96|179352|187702|62294|53602|36686|9661|7165|5229|4619|||||
30|16|4|6549|127|180912|187461|74294|46883|27778|3763|2929|3232|3959|9100|6607|1594|459|187
30|16|5|6858|127|182596|189454|74973|51826|31462|8349|6060|5806|3993|||||
30|18|4|7663|64|164335|171998|48277|51486|36759|4749|2747|2451|2673|8044|4595|1991|392|107
30|19|5|5802|47|147114|152916|54215|48578|24575|8730|4994|3429|2546|||||
30|20|4|5058|49|150037|155095|55854|50475|17995|3201|3272|1891|1983|9763|3899|1332|211|112
30|20|5|5080|49|151381|156461|56187|55753|20473|8129|5384|3410|1996|||||
30|21|5|5710|68|164827|170537|41760|59628|42628|7770|6288|4703|1982|||||
31|1|4|10573|46|189737|200310|80768|86120|11828|3269|1215|687|4288||926|478|79|33
31|1|5|10695|48|190636|201331|81114|86334|12649|3298|1796|1073|4324|||||
31|2|4|12075|98|198229|210304|78228|89742|12053|8413|2401|1288|3912||1401|506|117|70
31|2|5|12143|98|199044|211187|78623|89914|13013|8436|3168|1864|3928|||||
31|3|4|16660|154|202410|219070|93249|72477|16361|5820|2682|2696|4958||2978|675|224|136
31|3|5|16889|158|204364|221253|94097|72777|18412|5865|4131|3932|4992|||||
31|4|4|14821|132|189595|204416|91125|68306|13908|4916|2017|2103|4039||2181|602|177|89
31|4|5|15035|134|191961|206996|92094|68725|15742|4964|3151|3063|4088|||||
31|5|4|12618|38|201785|214403|82787|88843|15843|4339|3525|923|2913||1310|1038|156|70
31|5|5|12660|38|202031|214691|82865|88909|16943|4343|4524|1479|2930|||||
32|1|4|5078|56|155141|160219|22945|56570|14497|8422|21387|1098|5933|15638|5114|3042|150|289
32|1|5|5298|59|156316|161614|23341|64740|18012|16288|24843|3042|5991|||||
32|2|4|5726|82|152038|157764|37684|57998|21797|6730|4442|1228|5201|12088|2889|1560|215|124
32|2|5|5865|83|152796|158661|37957|64267|23797|12808|6268|2386|5230|||||
32|3|4|6152|120|157960|164112|25776|61733|23429|7765|9136|1923|6208|15221|4124|2086|289|150
32|3|5|6390|124|159550|165940|26337|69745|26400|15439|11676|3558|6271|||||
32|4|4|6447|111|166968|173415|25962|64922|24974|8587|8520|1656|7233|17255|4818|2488|231|211
32|4|5|6618|111|168256|174874|26440|73915|28194|17271|11529|3505|7291|||||
19|3|4|10192|78|173037|183229|69485|66124|13741|4226|6688|1657|7236||2625|951|96|130
19|4|4|7909|71|155638|163547|79484|42840|12036|3823|5397|1346|7282||2321|806|103|129
27|6|4|6484|76|196422|202906|10102|62210|75659|3659|3475|4392|2296|10885|17404|5111|1028|125
27|6|5|6593|80|197947|204540|10389|68018|85262|9136|11938|10814|2310|||||
19|7|4|7892|69|120349|128241|47622|45525|9906|2497|4910|1344|5289||2258|725|91|113
19|8|4|8377|56|147806|156183|58629|57286|11289|3531|4731|1381|7447||2408|810|92|146
16|11|4|13489|95|122511|136000|21518|40362|38337|6254|2381|1677|3584||5093|2690|419|101
11|5|4|20373|112|176380|196753|90254|58287|7384|11158|1538|1386|5025||874|231|78|53
16|12|4|9581|57|102290|111871|22023|40335|26162|3777|1760|812|1919||3328|1770|294|53
19|11|4|9237|62|143453|152690|52027|59577|10784|3584|5218|1316|7310||2370|953|117|135
11|6|4|21034|183|171550|192584|83362|58369|7915|11432|1697|1339|5611||1183|335|66|58
20|2|4|8522|63|126599|135121|26098|44497|33908|2478|4543|8914|1008||3368|1128|400|194
16|2|5|13550|90|122308|135858|25391|41284|36122|5984|6087|3670|3680|||||
19|12|4|15533|182|256949|272482|81167|116736|20963|5966|12776|2523|12295||2678|1281|176|206
23|1|4|7149|153|236523|243672|45876|68659|58597|10941|5216|3429|5830|18105|14185|4320|914|298
16|3|5|13565|49|115022|128587|21817|42012|30885|6585|6796|3146|3732|||||
5|7|4|10407|133|136114|146521|56625|49763|12087|4437|2745|1392|5799||2253|672|119|89
17|5|5|12716|103|147995|160711|33318|37611|39835|11009|11496|7758|6865|||||
21|9|4|5898|113|168374|174272|59300|29604|26090|4696|7538|3931|9170|11591|12975|2355|536|475
9|20|5|6279|132|178927|185206|32941|33429|64474|10521|19198|11874|6358|||||
9|21|4|5703|168|160171|165874|20022|27391|55896|6336|8440|4332|6164|8352|17366|4472|714|518
9|21|5|5720|168|160626|166346|20165|31652|64440|10527|16744|10749|6181|||||
9|23|4|6865|181|187852|194717|37847|24439|69918|4999|9589|5584|4682|6171|18602|4392|818|630
9|23|5|6931|181|188413|195344|38017|27590|78962|8099|18333|12542|4689|||||
9|25|4|5619|167|162497|168116|22452|22537|58808|6494|9104|4779|5373|7374|19308|4679|775|647
9|26|5|7991|333|196463|204454|51697|38997|63058|10280|16432|10241|5425|||||
9|27|4|5150|134|153760|158910|17979|26005|54815|6582|7518|4452|6602|8525|15997|4059|670|422
9|27|5|5261|134|154438|159699|18115|30403|62811|10870|15126|10352|6627|||||
10|1|4|12772|107|135856|148628|41360|69738|4369|2649|11083|513|2435||2250|1114|50|188
10|1|5|12891|107|136957|149848|41802|70128|5812|2687|12551|1400|2470|||||
10|2|4|15785|66|168651|184436|54625|76843|16512|4470|3802|1506|4105||4965|1375|233|149
10|2|5|15882|68|169952|185834|55152|77262|19184|4510|6246|3383|4147|||||
10|3|4|14916|41|151613|166529|48114|77054|7191|3533|7133|844|3360||2695|1292|140|216
10|3|5|15036|42|152554|167590|48405|77404|8963|3578|8817|1946|3399|||||
10|4|4|10982|98|169002|179984|65140|64794|7410|3531|16286|1115|3996||4452|1712|106|362
10|4|5|11132|99|170540|181672|65761|65331|9977|3579|18907|2863|4023|||||
11|1|4|12075|94|118880|130955|50237|42854|8174|8049|1993|1133|5178||693|383|49|43
11|1|5|12159|95|119417|131576|50430|43004|8741|8064|2455|1425|5203|||||
11|2|4|13407|49|126907|140314|57837|39422|10360|7895|2111|2497|5672||659|292|73|40
11|2|5|13675|53|128825|142500|58748|39769|11190|7965|2540|2829|5731|||||
11|3|4|21897|212|175054|196951|86190|59213|8264|10809|1663|1315|6038||942|280|95|33
11|3|5|21971|212|175634|197605|86478|59319|8898|10832|2142|1704|6049|||||
11|4|4|16086|150|154995|171081|65422|58681|10682|8903|2517|1899|5067||1126|383|93|72
11|6|5|21094|183|172077|193171|83580|58526|8611|11458|2294|1801|5624|||||
11|7|4|14724|51|150601|165325|68833|55355|9626|9612|1138|944|3563||981|369|99|30
11|7|5|14933|53|152254|167187|69545|55761|10510|9701|1692|1380|3612|||||
11|8|4|13161|62|172132|185293|81742|50911|12594|11071|2958|2377|8041||1721|462|122|71
11|9|5|15157|124|153259|168416|69693|59851|9412|5666|2405|2124|3984|||||
11|11|4|13367|27|132119|145486|57822|49076|10717|6620|2339|853|2952||1053|539|65|56
11|11|5|13408|28|132367|145775|57927|49131|11420|6634|2992|1271|2964|||||
11|12|4|15973|112|151008|166981|69990|47749|12626|8027|2362|2131|5486||1898|395|152|80
11|12|5|16059|112|151547|167606|70252|47859|13637|8043|3249|2896|5499|||||
11|14|5|13222|58|128893|142115|50961|35198|19802|8770|3070|7234|3800|||||
12|2|4|11596|73|150073|161669|17047|54154|51471|7309|4264|2064|4366||6209|2484|509|123
12|2|5|11827|77|151272|163099|17319|54523|55437|7358|7676|4480|4402|||||
12|3|5|11555|24|142627|154182|5617|49138|67146|2627|7178|7181|3716|||||
12|5|4|10656|40|154974|165630|15013|48647|56981|2243|14902|8615|1933||3060|2791|483|266
12|6|5|13076|145|155224|168300|13456|58589|51431|6192|10595|11892|2924|||||
12|7|4|12411|55|146980|159391|11399|52058|51970|5891|3139|7358|3160||8472|2399|861|218
12|7|5|12702|55|148637|161339|11617|52516|57200|5939|7329|10780|3201|||||
12|9|4|14386|126|124136|138522|12069|36914|40985|4034|2938|8484|3185||11249|2450|1416|286
13|1|4|13299|50|156723|170022|34500|67996|32583|2746|3628|1450|8878||3007|1517|271|97
13|2|4|11107|54|152612|163719|35508|60653|29570|4735|5284|1603|7118||5124|2490|348|125
13|2|5|11143|54|152986|164129|35631|60742|32809|4747|8312|3558|7133|||||
13|3|4|12198|48|166133|178331|34245|66823|30232|4495|5905|1806|13472||6214|2365|351|177
13|3|5|12198|48|166569|178767|34377|66922|33812|4509|9263|4150|13488|||||
13|4|4|10419|77|136026|146445|42274|52668|20536|4452|2749|1254|7011||3372|1276|259|98
13|5|4|13062|88|172007|185069|37873|65424|35897|9522|3209|2297|6867||7700|2460|508|162
13|6|4|11700|144|175470|187170|62605|55243|25973|5419|3856|2485|9824||7327|1790|478|326
13|6|5|11754|145|176439|188193|62932|55497|29819|5445|7390|5350|9861|||||
13|7|4|14518|41|172224|186742|40809|68170|27196|6817|4027|2589|12325||7411|2137|468|234
13|7|5|14683|41|173267|187950|41122|68476|31264|6854|7713|5432|12365|||||
14|2|4|6748|107|159465|166213|65424|54828|7381|6923|1141|7487|4515|10102|1027|249|145|136
14|2|5|7006|111|160949|167955|65994|60315|8172|12039|1707|8026|4585|||||
14|4|4|6642|181|171121|177763|44491|61529|10216|6331|2984|21994|4842|13421|3687|444|509|492
14|4|5|6825|182|172332|179157|45029|68446|12170|13064|4713|23856|4872|||||
14|6|5|8771|200|196527|205298|70642|69634|12784|12716|4155|21961|4435|||||
14|7|4|5922|110|158844|164766|38936|55608|9630|6918|3755|19764|5460|13145|4080|506|458|474
14|8|5|7501|144|167774|175275|57322|56768|12372|10105|4142|22785|4136|||||
14|9|5|6207|107|156629|162836|40876|58419|11382|12093|5135|23747|4870|||||
14|10|4|8604|117|174811|183415|63972|46581|10555|6362|2631|23041|4113|11785|4177|444|539|494
14|11|4|5638|90|154896|160534|37394|51628|9610|5894|2812|24592|4811|12003|4456|414|610|582
14|12|5|10048|569|251501|261549|61743|80570|20715|18177|7037|55457|7233|||||
14|13|5|6661|115|167612|174273|47785|59525|12215|12125|4558|26562|4727|||||
14|14|4|6748|116|162983|169731|49437|46904|9620|6713|2733|25021|4214|12529|4101|419|598|578
14|16|4|6534|114|173204|179738|46328|56385|9818|7121|2651|26441|4960|13453|4278|479|607|569
14|16|5|6685|115|174288|180973|46784|63322|11992|13886|4626|28561|5002|||||
14|17|5|6572|101|176585|183157|49698|67786|13700|12375|4821|20975|7129|||||
14|19|4|7051|67|168606|175657|46759|57855|20373|6104|3140|15013|7265|7898|2520|654|389|569
15|1|5|6524|62|166571|173095|37260|83834|18257|11502|6208|5597|3851|||||
15|2|4|5898|139|173007|178905|40296|55070|32613|5685|3474|8763|5634|12378|6847|1338|491|279
15|2|5|5992|139|174038|180030|40635|61537|36081|11921|6596|11463|5666|||||
15|3|5|6655|79|147708|154363|34346|74516|14668|10854|3368|5456|4421|||||
15|4|4|5478|90|193902|199380|41792|54714|42207|5990|4520|6839|7230|16131|10726|2675|720|268
15|5|5|6286|92|205170|211456|36298|75557|50223|14289|11468|11141|6102|||||
15|6|4|5257|129|195684|200941|39895|53495|51672|6816|4428|3714|7562|14440|10029|2643|632|229
15|6|5|5273|129|196141|201414|40054|60815|56787|14045|9231|7508|7572|||||
15|8|4|3685|87|134909|138594|21809|41306|33603|4557|3135|3738|4938|11762|7474|1753|537|210
15|9|5|7405|79|176638|184043|31385|85476|17196|14168|9274|13631|5429|||||
15|10|4|5016|134|186767|191783|28073|55249|45797|7674|4307|3724|6748|18273|12828|3006|723|231
15|10|5|5016|134|187360|192376|28219|64530|52144|16833|10227|8498|6775|||||
15|12|5|6785|182|205156|211941|33981|66828|59944|15909|9609|11091|7612|||||
15|13|4|3909|126|143283|147192|20186|41513|37901|4817|3749|2778|4980|13500|10556|2301|625|251
15|13|5|4011|126|143750|147761|20295|48379|43065|11583|8562|6743|4997|||||
15|14|4|4726|159|165264|169990|46816|42180|33699|4903|4337|2765|5371|12793|9529|1967|515|230
15|16|5|5013|143|167790|172803|24530|60338|46259|13811|9646|6977|6086|||||
15|17|4|4412|132|153627|158039|21179|42578|41958|5528|4024|3363|6857|13602|11265|2260|636|245
15|17|5|4530|132|154368|158898|21329|49592|47416|12350|9061|7584|6904|||||
15|18|4|6348|138|196202|202550|54950|63702|34109|5875|8322|2828|5075|12797|5902|1939|368|197
15|19|5|4673|115|156817|161490|35503|48692|42203|11180|8406|5861|4857|||||
15|20|5|3597|134|136249|139846|18873|41301|46303|8976|8079|8760|3823|||||
15|21|4|4447|130|147030|151477|45914|40993|26690|4376|3256|2090|4175|11506|5752|1588|365|195
15|22|4|3984|99|134022|138006|42677|35940|25423|3618|3217|1873|3563|9807|5919|1468|289|129
15|23|5|8240|87|180964|189204|41463|78907|32022|11900|8694|2966|4925|||||
15|24|5|3433|107|124414|127847|26551|44048|29756|9536|6293|4453|3670|||||
15|25|4|3889|61|141004|144893|16364|44083|36622|5103|3401|3051|4821|14457|9917|2343|606|175
15|26|4|5902|94|185501|191403|48822|71643|23273|5475|3242|1958|6890|18156|4317|1291|229|111
15|26|5|5957|94|186808|192765|49274|81120|25778|14608|5423|3594|6917|||||
15|27|5|6488|123|186580|193068|45528|81637|24913|12240|11761|5077|5301|||||
15|29|4|3557|90|132741|136298|14509|36864|41774|3938|3624|5345|4005|10170|9528|1904|761|229
15|30|5|3827|103|135228|139055|14670|40587|49488|9014|8599|8815|3952|||||
15|31|4|3606|113|131220|134826|12947|35138|44427|3804|3099|5202|4084|9421|9913|2046|809|217
15|31|5|3627|115|131914|135541|13030|40004|49433|8559|7587|9076|4110|||||
15|33|4|6806|178|198628|205434|28005|65395|42809|6515|6650|18134|6106|13714|7950|1719|976|477
15|33|5|7036|178|199729|206765|28327|72513|47137|13414|10448|21556|6156|||||
15|34|5|5850|163|180618|186468|49324|75628|28238|12155|5144|3473|6493|||||
15|35|4|6053|65|161151|167204|28262|64391|29840|4533|5796|5917|5279|11384|3581|1470|404|229
15|37|4|4421|103|162586|167007|27830|47861|38864|6080|4418|7294|6291|12855|8176|1721|724|369
15|37|5|4429|131|162990|167419|27952|54372|42932|12515|8199|10579|6310|||||
15|38|5|5376|426|167612|172988|18173|51547|45995|12267|8663|24668|5873|||||
15|40|4|6106|123|158878|164984|34160|65528|24951|4655|5478|3464|4344|12168|2408|1313|194|92
15|40|5|6152|123|159129|165281|34236|71677|26593|10751|6986|4414|4349|||||
16|1|4|10332|99|114986|125318|17688|42313|35256|4252|2487|1344|2783||5849|2378|417|120
16|1|5|10510|100|116097|126607|18087|42653|38851|4297|5707|3589|2813|||||
16|2|4|13470|90|121742|135212|25150|41155|32548|5955|2802|1473|3672||5698|2635|455|109
16|3|4|13528|46|114636|128164|21700|41912|27578|6565|3699|1360|3719||4638|2973|342|104
16|4|4|11687|71|123761|135448|38533|43951|24688|5412|1667|1359|3122||3177|1418|293|70
16|4|5|11765|73|124268|136033|38717|44089|26706|5431|3488|2622|3142|||||
16|5|4|12667|78|130422|143089|42774|41650|24529|6992|2797|1671|4116||3804|1604|311|96
16|6|4|15655|41|120078|135733|30223|42919|24460|6480|2310|1481|4707||4709|2182|444|122
16|6|5|15738|42|120868|136606|30426|43061|27595|6523|5099|3387|4735|||||
16|7|4|11401|81|127108|138509|28843|41215|34440|7171|3686|1643|3105||4216|2281|326|101
16|7|5|11478|84|127962|139440|29098|41427|37386|7212|6331|3301|3123|||||
16|8|4|18547|121|128254|146801|34635|49572|20998|8767|2426|2407|4351||3618|945|302|112
16|9|4|15228|115|130150|145378|30869|45190|30306|7861|3026|1621|4086||4585|2067|312|112
16|10|4|18421|242|139417|157838|46600|49399|20230|8708|2787|2544|4381||3206|913|268|139
16|10|5|18566|246|140503|159069|46985|49615|22233|8739|4422|3857|4406|||||
16|11|5|13519|95|122867|136386|21618|40414|41734|6267|5498|3650|3591|||||
16|12|5|9627|57|102641|112268|22166|40433|28377|3800|3788|2097|1923|||||
17|1|4|15433|218|170906|186339|48346|42173|43297|9358|5818|4273|5410||8809|2377|529|298
17|1|5|15910|220|174101|190011|49573|42770|48676|9451|10215|7732|5464|||||
17|2|4|13773|239|160743|174516|35995|43029|43827|11207|4177|3263|7540||8419|2355|512|180
17|2|5|14004|239|162467|176471|36544|43382|48640|11269|8309|6479|7605|||||
17|3|4|12770|162|158260|171030|30757|38813|42427|15685|6145|6202|6955||8060|2025|615|414
17|3|5|13022|165|159493|172515|31108|39089|46886|15721|10097|9445|6982|||||
17|4|4|11191|115|144432|155623|27925|44377|34897|10694|7459|5954|3740||6467|1841|642|321
17|4|5|11481|117|146038|157519|28344|44731|38855|10766|10767|8654|3804|||||
17|5|4|12408|102|146251|158659|32673|37255|35912|10943|8171|5089|6816||6502|1902|592|294
18|1|5|10384|25|125816|136200|30396|55962|22363|2702|5296|2973|6099|||||
18|2|5|12318|68|157741|170059|44913|54924|24867|4186|7959|5992|14832|||||
18|3|4|13278|64|148759|162037|44720|62506|15442|4274|5026|1982|7259||5242|1754|267|223
19|1|4|9065|76|161772|170837|79373|50834|10534|4125|5085|2369|6292||2185|648|113|138
19|2|4|10139|60|169037|179176|53417|79066|12302|5387|5451|1411|8425||2453|833|91|141
19|3|5|10260|79|173679|183939|69795|66204|15325|4240|8123|2661|7252|||||
19|4|5|7963|71|156240|164203|79788|42950|13386|3842|6655|2246|7302|||||
19|5|4|9853|71|114468|124321|31551|55982|6191|3322|9361|894|3933||1942|993|66|162
19|6|4|8340|121|139708|148048|65356|45223|10845|3041|5002|1548|5521||2105|696|132|118
19|7|5|8059|69|121607|129666|48227|45750|11379|2516|6124|2230|5312|||||
19|8|5|8478|58|148808|157286|59098|57498|12757|3550|6042|2327|7478|||||
19|9|4|15240|54|167728|182968|44920|80465|5935|2476|10199|968|20810||1089|616|74|122
19|9|5|15331|57|168811|184142|45402|80725|6869|2496|10961|1452|20849|||||
19|10|4|8884|95|132992|141876|62055|42786|11805|2944|3747|1620|4864||2128|708|100|140
19|10|5|9009|96|134351|143360|62882|42915|13220|2959|4917|2480|4882|||||
19|11|5|9362|63|144742|154104|52662|60003|12232|3596|6585|2252|7349|||||
20|1|4|9525|58|142743|152268|44288|43021|29213|3710|4328|6966|2816||6343|1293|497|210
20|1|5|9610|59|144211|153821|44740|43463|32626|3751|7243|9480|2849|||||
20|3|4|11114|149|138412|149526|31413|44690|34956|4756|4490|4607|3413||7204|2065|485|184
20|3|5|11293|150|139322|150615|31658|44915|38933|4781|8066|7386|3433|||||
20|4|4|10055|68|117875|127930|30244|32728|31569|4538|5402|3019|3839||4248|1660|338|222
20|5|5|8330|151|130059|138389|24170|41127|47671|2532|7040|5627|1741|||||
20|6|4|9993|104|117628|127621|15482|30628|39999|3755|6594|9116|2528||6028|2634|530|230
20|6|5|10131|104|118217|128348|15593|30733|43853|3768|10062|11549|2555|||||
20|7|5|10278|110|143197|153475|25463|52621|46056|2668|9370|5337|1572|||||
20|9|5|11273|153|134568|145841|37162|37155|38085|5221|7090|5745|3957|||||
20|11|4|10165|47|143523|153688|20892|47619|52112|3433|5200|3590|1793||5666|2615|409|147
20|11|5|10376|47|144683|155059|21206|47982|56020|3467|8340|5803|1818|||||
21|1|4|9225|106|156980|166205|41433|46774|23907|4467|7663|2665|5229|13169|8071|2665|493|338
21|1|5|9434|108|157685|167119|41608|53517|28406|11079|11918|5798|5251|||||
21|2|4|6454|38|144184|150638|35874|45574|16713|4727|5736|1679|7048|17584|6191|2373|380|267
21|3|4|6518|52|144073|150591|49885|41533|14291|4561|6379|2074|4698|12678|5646|1720|274|282
21|4|4|8390|60|146612|155002|35794|48431|20318|3675|8683|1998|7290|12199|5181|2443|296|244
21|4|5|8466|60|146951|155417|35877|54614|23524|9788|11774|4009|7305|||||
21|5|4|5376|68|138503|143879|35323|38865|17386|5193|6493|2369|8894|13980|7078|2171|331|352
21|6|4|6202|164|172812|179014|56752|32411|26927|4962|8202|3550|9964|13722|12470|2720|518|450
21|7|4|5399|52|134896|140295|28695|33596|22458|4048|6751|2202|8928|13967|9822|3629|420|328
21|7|5|5502|52|135199|140701|28784|40642|27865|11040|12020|5858|8938|||||
21|8|4|4863|53|125886|130749|29317|31872|19775|3665|7641|2199|4090|12687|9525|4164|448|450
21|10|4|5970|120|163561|169531|62198|29908|23482|4405|7193|3713|7842|10903|10431|2406|536|424
21|10|5|6143|122|164750|170893|62782|35505|28751|9878|12128|7713|7871|||||
21|12|4|6351|184|178983|185334|64703|33509|28120|4757|8513|3815|9245|11493|11451|2266|465|462
21|12|5|6467|188|180339|186806|65209|39474|33708|10551|13759|8162|9288|||||
21|13|4|4247|54|124677|128924|40720|35033|15343|2983|5873|2193|4054|9549|5937|2292|326|320
21|14|5|5482|47|122118|127600|21083|44715|26508|9471|10244|5435|4615|||||
21|15|5|5877|111|142040|147917|40485|43003|23920|10732|11370|5614|6805|||||
22|1|4|15295|47|188490|203785|58704|89007|14375|9680|3308|5921|5123||1438|624|180|83
22|1|5|15578|49|190699|206277|59622|89493|15772|9760|4206|6607|5190|||||
22|2|4|19275|93|192462|211737|76096|70096|19051|7412|5166|3855|6833||2710|856|166|128
22|3|4|14124|127|197464|211588|85246|64603|21487|6859|4309|6121|4682||2948|692|253|137
22|3|5|14327|130|199441|213768|86329|64899|23369|6915|5757|7333|4709|||||
22|4|4|15431|132|208766|224197|89468|70219|24549|6761|4184|5470|4064||2759|806|243|111
22|4|5|15748|133|211625|227373|90895|70648|26717|6826|5663|6636|4107|||||
23|1|5|7419|158|238771|246190|46870|78164|66522|20041|12328|8830|5858|||||
23|2|5|5685|61|152561|158246|22935|58437|38182|10654|10849|5046|6397|||||
23|3|5|5643|228|132053|137696|37827|33061|37738|8897|6121|4464|3717|||||
24|1|4|20025|122|137650|157675|44034|50567|8904|8871|10166|6370|3784||2599|1487|278|468
24|1|5|20134|123|138588|158722|44428|50824|10805|8901|12043|7638|3826|||||
24|3|4|16997|100|135316|152313|51376|55908|7880|4765|6469|2073|4129||1609|694|146|167
24|3|5|17141|101|136205|153346|51697|56168|9011|4805|7471|2794|4158|||||
24|4|5|14848|64|130024|144872|38852|46401|17182|8082|6749|8198|4496|||||
24|7|4|21606|50|155534|177140|47492|52687|21547|7016|6254|7637|8001||2527|1203|779|341
24|7|5|21686|50|156075|177761|47641|52867|23508|7040|7886|9059|8024|||||
25|1|5|10315|32|124417|134732|42632|50397|9032|2097|1520|1148|17559|||||
25|2|4|11527|53|160230|171757|61159|43848|16592|5044|1996|1546|25010||3548|1019|302|113
25|4|4|9839|48|116621|126460|19244|43245|15951|2977|1165|936|29726||2176|870|224|59
25|4|5|9929|48|117383|127312|19408|43518|17377|3002|2375|1823|29832|||||
25|5|5|13275|136|160404|173679|27833|58827|26907|4580|9385|5926|26810|||||
25|7|4|13187|74|132629|145816|23456|50797|16022|4202|4121|2467|25805||4269|948|281|187
25|7|5|13287|75|133383|146670|23692|51036|18215|4219|6139|4150|25857|||||
25|8|5|12042|82|122005|134047|33932|38397|14862|5913|5343|3393|20083|||||
26|2|5|11370|96|147231|158601|55168|60971|16298|3468|5303|3579|2348|||||
26|3|4|8345|80|142579|150924|59176|59238|11935|1675|3085|1609|2534||2409|595|124|119
26|3|5|8371|80|143010|151381|59328|59339|13230|1685|4261|2548|2539|||||
26|5|4|7485|78|134617|142102|57402|55606|10785|1436|3297|1416|1634||2120|596|123|124
26|6|5|12417|85|156200|168617|39693|74367|25980|2223|7036|4461|2355|||||
26|7|4|10826|47|150735|161561|59341|53905|23991|1705|2562|1237|2258||3428|1907|229|125
26|7|5|10946|49|151552|162498|59615|54190|26380|1720|4737|2578|2283|||||
27|1|4|5555|37|157519|163074|14730|57876|53219|2352|3120|4783|1402|7227|8782|3036|787|168
27|1|5|5839|37|158777|164616|15015|61890|58487|6001|7678|8238|1431|||||
27|2|4|5319|39|155136|160455|4674|53781|65393|1844|1847|1303|1504|7837|10640|5592|613|69
27|2|5|5517|39|156119|161636|4793|57973|72526|5782|8263|5221|1522|||||
27|3|4|5747|30|180562|186309|5701|59211|79870|2324|2308|1979|2167|7704|12381|6115|680|92
27|3|5|5919|30|181539|187458|5827|63283|87923|6214|9555|6525|2182|||||
27|4|4|4856|77|174207|179063|7345|46226|72045|2976|4187|4307|2114|9175|19285|5160|1095|215
27|4|5|5177|77|175285|180462|7648|50997|82057|7592|13339|11440|2135|||||
27|5|4|5926|78|185389|191315|15002|61001|75339|2536|3426|2357|2072|7070|10446|5301|608|153
27|5|5|6000|82|186610|192610|15322|64787|82302|6104|9663|6255|2095|||||
6|2|4|4076|49|128990|133066|48961|52331|9425|4179|2621|1156|1616|6206|1604|641|137|64
6|2|5|4257|52|130784|135041|49801|55877|10690|7327|3551|1839|1647|||||
8|2|4|9333|36|78886|88219|19049|31306|11043|5183|2632|1342|3849||3045|976|226|199
8|3|4|10046|121|121116|131162|41605|34706|19248|7155|3247|2571|6443||4507|1042|303|168
9|2|4|6306|188|173790|180096|46122|29941|50462|5534|7472|4244|4878|8042|13114|2807|627|359
9|3|4|6707|168|181707|188414|37484|31803|57577|6020|7187|4986|5882|8908|17041|3424|777|450
9|5|4|6377|180|163022|169399|46760|26008|47865|4827|8215|4164|4056|5531|11793|2660|538|425
9|6|4|5470|139|163516|168986|23370|27735|58530|5476|6699|4491|5206|8840|18116|3584|872|458
9|7|4|5982|235|180355|186337|29795|32475|60578|6596|7663|4784|5442|10420|17603|3430|823|511
9|8|4|6555|186|184951|191506|38534|33967|56852|6204|7941|5029|5437|9974|16311|3223|845|448
9|9|4|5769|154|164428|170197|26559|30319|55304|5209|6085|4444|5020|10407|16386|3261|855|425
9|12|4|6387|183|171081|177468|34630|31409|51463|6277|7489|4757|4977|10635|15152|2962|734|413
9|13|4|5523|140|155272|160795|26064|26768|53031|5179|7057|4127|5100|8250|15144|3343|678|391
9|15|4|9666|276|231659|241325|88085|38906|55438|6143|10245|5293|4901|8071|10863|2397|591|450
9|17|4|7915|234|202385|210300|49747|33774|58843|8118|7475|4237|7621|10410|16526|4198|785|417
9|18|4|4861|156|152307|157168|20171|25272|52977|5846|7412|4479|5246|8484|17482|3639|748|395
9|22|4|4698|124|148726|153424|13013|19373|56005|5702|8522|4510|4870|7455|22141|5577|873|561
9|24|4|7540|239|184408|191948|53106|30615|54801|5146|8442|4446|4517|6836|12474|2855|496|435
9|26|4|7833|331|195151|202984|51150|34511|55308|6013|9111|4644|5411|8481|14987|4092|649|463
15|32|4|3895|83|138181|142076|12455|39082|43544|5095|3644|5694|4657|10921|9362|2554|874|216
14|10|5|8684|126|176087|184771|64629|52620|12726|12276|4526|25053|4131|||||
14|11|5|5720|93|155358|161078|37517|57727|11735|11907|4815|26741|4823|||||
15|34|4|5789|163|180234|186023|49189|67977|26046|4614|3094|1947|6486|15072|4061|1254|222|109
14|14|5|6780|116|163588|170368|49709|53249|11654|12988|4615|27030|4227|||||
15|36|4|6501|51|162092|168593|33780|65021|42566|2201|2840|683|1986|7640|2460|2593|211|60
14|15|5|6751|66|160737|167488|52592|61527|14027|10725|6401|10742|4657|||||
15|38|4|5271|425|167051|172322|18081|44875|40607|5649|3854|20091|5868|13223|10588|1886|1299|605
15|39|4|5024|110|165590|170614|14623|51262|48403|6366|3907|6549|6014|14855|10003|2462|778|258
14|18|5|7479|57|177551|185030|60435|62358|15801|8203|3036|18519|9142|||||
14|19|5|7078|67|169430|176508|47055|61991|21883|10097|4617|16436|7284|||||
30|1|4|4012|40|136112|140124|52383|50579|12208|3259|1520|977|2115|9592|2432|763|179|65
15|4|5|5507|90|194978|200485|42181|62963|47784|14107|9630|10962|7261|||||
30|4|4|5044|76|166420|171464|87397|38141|16685|2662|2209|2413|2577|8319|4686|800|291|164
15|7|5|5890|197|197677|203567|52116|57281|49030|12758|11642|7633|7020|||||
15|8|5|3797|88|135288|139085|21912|47265|37392|10449|6619|6616|4947|||||
30|5|4|4798|86|147728|152526|50884|48596|21437|3513|2448|1597|4419|8717|4306|1307|280|138
15|11|5|4483|168|156664|161147|26050|53543|43689|12434|8406|6876|5498|||||
15|14|5|4819|159|165804|170623|47083|48687|38248|11301|8624|6322|5380|||||
15|15|5|5948|127|171902|177850|61632|46410|36137|9903|7469|5531|4693|||||
15|18|5|6400|138|196573|202973|55153|70187|37283|12283|11365|5082|5082|||||
15|21|5|4447|130|147470|151917|46091|46867|29702|10135|6074|4296|4175|||||
15|22|5|4048|99|134578|138626|42917|40992|28416|8534|5992|4056|3572|||||
15|25|5|4011|61|141370|145381|16432|51407|41535|12341|8000|6764|4830|||||
30|4|5|5090|76|168347|173437|88365|42614|19236|6870|4312|4269|2605|||||
30|5|5|4980|89|149761|154741|51639|53419|24336|7900|4649|3271|4458|||||
30|9|5|7028|59|171087|178115|56598|62112|29294|8850|6155|4105|3914|||||
30|10|5|6919|145|177223|184142|49184|41975|52881|8727|10315|8238|5758|||||
30|14|5|4855|78|152823|157678|41515|55427|35126|7754|6294|4346|2283|||||
30|17|5|6181|80|190812|196993|85766|59877|22858|9837|5187|3827|3380|||||
30|18|5|7671|65|165098|172769|48498|55737|39704|8794|5354|4253|2693|||||
20|5|4|8096|150|128604|136700|23696|40766|44170|2493|4146|3376|1711||5815|1739|441|101
21|11|4|6426|185|178279|184705|69786|30448|24815|4869|8440|3609|8307|13122|11288|2412|461|537
20|7|4|10171|105|142463|152634|25296|52406|43100|2654|6832|3604|1556||4395|2014|403|98
20|8|4|11244|287|169211|180455|50417|38744|43190|6134|5321|5735|6537||10041|1939|602|264
20|9|4|11070|148|133187|144257|36739|36895|34517|5152|4081|3393|3929||6072|1697|406|158
20|10|4|10800|67|120241|131041|34077|28898|30422|11497|4693|3256|1878||3555|1383|339|176
21|14|4|5300|47|121498|126798|20983|38434|21813|3388|5777|2252|4599|12124|8391|2959|434|297
21|15|4|5506|107|140349|145855|39958|36496|19392|4538|7255|2600|6760|12286|7870|2435|343|309
22|2|5|19510|94|193862|213372|76647|70438|20806|7459|6607|4930|6881|||||
21|16|4|7818|29|125921|133739|31094|48604|13890|2968|6307|1777|7144|7881|3947|1845|229|206
21|2|5|6694|39|145333|152027|36202|54623|20529|13557|9188|4107|7088|||||
21|3|5|6688|52|144911|151599|50205|48059|17352|10933|9305|4268|4737|||||
21|5|5|5710|69|140077|145787|35915|46200|21411|12238|10171|5116|8957|||||
21|6|5|6545|164|174531|181076|57323|39618|33209|11881|14040|8252|10044|||||
21|8|5|5039|54|126473|131512|29499|38359|25422|10031|13159|5837|4112|||||
21|9|5|6163|115|169674|175837|59867|35595|32207|10526|13330|8821|9213|||||
12|1|4|9290|19|140047|149337|7404|56710|57316|4216|1709|5760|1342||3076|1953|436|106
21|11|5|6660|187|179945|186605|70519|37288|30481|11459|13742|7928|8341|||||
21|13|5|4311|54|125063|129374|40874|39871|18734|7767|9176|4523|4064|||||
12|3|4|11263|24|140635|151898|4897|48723|61924|2571|2775|4075|3676||7670|3333|766|201
12|4|4|14338|80|134841|149179|12928|36265|42728|4997|3311|12424|4023||13718|2245|1714|408
21|16|5|7898|29|126194|134092|31162|52624|16319|6921|8664|3320|7155|||||
12|6|4|13025|140|154504|167529|13306|58401|48384|6167|8119|10027|2902||3840|2129|877|212
12|8|4|13377|26|140463|153840|25043|37329|50007|10086|5823|1837|1911||4700|3169|435|97
12|1|5|9381|28|140644|150025|7504|56897|59773|4245|3777|7066|1354|||||
12|4|5|14714|81|136627|151341|13384|36647|49983|5040|9263|18160|4069|||||
12|5|5|10701|46|155755|166456|15090|48831|59951|2271|17553|10066|1947|||||
12|8|5|13397|26|140915|154312|25114|37427|53574|10132|9041|3679|1922|||||
12|9|5|14731|133|126004|140735|12710|37348|47243|4090|8114|13149|3217|||||
19|1|5|9218|79|163684|172902|80527|51075|12026|4160|6246|3254|6317|||||
19|2|5|10265|61|170382|180647|54166|79294|13845|5409|6777|2370|8460|||||
24|2|4|17394|184|142913|160307|45380|41257|22804|11994|4723|3060|7998||3305|1568|299|341
19|5|5|9863|71|114885|124748|31732|56078|7450|3334|10615|1660|3945|||||
19|6|5|8444|122|141027|149471|66210|45377|12204|3058|6117|2394|5545|||||
24|4|4|14711|63|129066|143777|38452|46219|15304|8040|5112|7047|4468||2528|1280|329|224
24|5|4|15742|418|151101|166843|74636|32043|16920|9606|3365|2935|6600||3369|823|204|182
24|6|4|15637|362|145716|161353|61514|31468|20606|10329|3733|3609|8246||4333|1037|312|167
19|12|5|15594|182|257875|273469|81595|116947|22778|5998|14436|3625|12314|||||
24|2|5|17443|187|145252|162695|47535|41322|24914|12010|6790|4488|8006|||||
24|5|5|15954|423|152864|168818|75507|32324|18977|9663|5041|4292|6637|||||
24|6|5|15729|362|148354|164083|61778|31553|22871|10343|7887|5303|8257|||||
28|1|4|11480|147|162281|173761|75207|43179|13447|4590|1795|1206|18993||2722|743|173|79
28|2|4|11426|119|162218|173644|62694|50008|20170|6948|3904|2451|9811||4589|1099|272|153
28|4|4|11774|72|149147|160921|58284|49813|14299|7597|2655|1889|9842||3665|724|161|146
1|2|5|14762|253|167102|181864|55277|50553|18790|8586|6126|5009|22508|||||
28|6|4|10359|39|155224|165583|63752|59710|10481|5110|1652|1094|10314||2133|687|155|97
28|8|4|8288|90|155776|164064|77837|35721|19789|5636|1843|1778|7954||3929|850|240|109
28|3|5|12891|89|209605|222496|83755|71438|25060|7451|6065|3776|11971|||||
28|4|5|11877|72|150495|162372|58969|50112|16194|7648|4335|3286|9879|||||
28|7|5|9753|96|178437|188190|75306|47647|29840|7058|5156|3825|9509|||||
15|1|4|6457|61|166300|172757|37172|76529|16443|4258|4533|4435|3839|14467|2889|1293|262|119
14|1|4|5901|68|167559|173460|48547|64044|14988|4561|4626|13430|5966|8327|1405|396|265|936
14|3|4|8064|116|163221|171285|65270|62333|4095|6104|1097|11577|3696|7608|839|159|156|171
15|3|4|6547|78|146888|153435|34150|67609|13220|4228|2150|4354|4382|13208|2364|605|355|185
14|5|4|6545|112|175059|181604|47099|54392|16189|4901|2812|27272|5900|8705|5161|643|1035|838
15|5|4|6154|90|204055|210209|36033|68138|45818|7067|7560|8066|6063|14385|7515|2358|593|369
14|6|4|8672|200|195370|204042|69983|62947|10952|6174|2556|20260|4419|13039|3557|409|471|403
9|1|5|4633|86|137526|142159|16626|22440|61000|8357|14756|9990|4271|||||
15|7|4|5785|197|197180|202965|51907|50234|43927|5798|6762|3736|7009|13902|10493|2440|493|282
9|2|5|6416|189|175184|181600|46536|34156|57109|9590|13530|9168|4906|||||
14|8|4|7447|144|166787|174234|56971|51293|10584|4736|2680|21150|4117|10701|3214|328|439|430
15|9|4|7371|75|175640|183011|31161|77119|14990|6190|7403|11903|5373|15892|3796|905|574|259
14|9|4|6182|107|155984|162166|40672|52305|9450|6092|3274|21799|4844|11954|3901|494|522|570
9|5|5|6377|180|163022|169399|46760|28774|53395|7592|13689|8576|4056|||||
9|6|5|5470|139|163516|168986|23370|32155|66797|9896|14759|11194|5206|||||
14|12|4|9855|569|249725|259580|60920|72009|17240|9883|3945|52180|7197|16491|6244|952|1104|991
9|9|5|6045|157|165640|171685|26951|35774|63236|10442|13450|10587|5043|||||
14|13|4|6569|115|166966|173535|47550|53423|10334|6139|2752|24638|4707|11931|3929|405|508|535
9|12|5|6567|185|172904|179471|35251|37027|59012|11635|14315|10467|5012|||||
15|11|4|4465|165|156147|160612|25949|46637|38972|5611|3976|3240|5487|13585|9512|2168|601|244
9|13|5|5631|140|155846|161477|26234|30990|60315|9317|14002|9736|5112|||||
15|12|4|6769|182|204693|211462|33870|59349|54451|8525|4557|6750|7599|14737|11157|2302|885|329
9|16|5|7236|165|189792|197028|39594|32960|69616|11558|16849|11920|7130|||||
14|15|4|6631|66|159794|166425|52236|56831|12819|6241|5112|9524|4625|8877|1865|505|302|791
9|18|5|5010|156|153089|158099|20368|29696|61284|10124|15277|10910|5274|||||
14|17|4|6412|100|175461|181873|49210|62579|12398|7397|3561|19714|7103|9903|2143|422|327|604
15|15|4|5868|127|171371|177239|61380|41229|32853|4843|4323|2980|4686|10092|6681|1547|379|251
14|18|4|7235|57|176517|183752|59977|58664|14520|4718|1933|17376|9109|6931|1979|473|416|364
15|16|4|5000|141|167454|172454|24476|52518|40968|6090|4618|3102|6072|15409|10325|2899|616|220
9|22|5|4698|124|148726|153424|13013|23101|66612|9429|18971|12606|4870|||||
9|24|5|7655|241|185039|192694|53380|34129|60817|8577|14276|9091|4528|||||
9|25|5|6076|168|164689|170765|23099|26680|68748|10253|18310|12003|5428|||||
15|19|4|4666|115|156315|160981|35349|42244|37846|4831|4308|2586|4846|12656|8731|2089|461|253
15|20|4|3584|133|135630|139214|18731|36099|41541|3910|3701|4984|3804|10101|9867|1853|648|258
20|2|5|8606|63|127181|135787|26195|44675|35995|2502|6347|10384|1020|||||
20|4|5|10132|69|118588|128720|30433|32902|34228|4557|7794|4748|3857|||||
20|8|5|11558|289|170379|181937|50814|38916|48229|6163|9817|9585|6566|||||
20|10|5|10957|67|121307|132264|34504|29065|32842|11526|6683|4728|1892|||||
26|1|4|9439|40|138889|148328|62856|50386|13007|2775|2973|1627|2074||1840|1038|192|81
26|2|4|11308|85|146510|157818|54938|60704|14771|3448|3950|2482|2340||2496|784|280|232
26|4|4|11918|40|150477|162395|48289|54210|23231|3214|6775|3690|4703||4134|1459|369|363
26|6|4|12302|85|155450|167752|39403|74126|23488|2214|4797|2662|2351||4498|1251|367|208
26|1|5|9568|52|140095|149663|63277|50799|14480|2804|4193|2389|2101|||||
26|4|5|12017|42|151671|163688|48753|54550|25777|3243|9117|5459|4730|||||
26|5|5|7649|78|136151|143800|58045|55994|12206|1463|4417|2289|1659|||||
15|23|4|8088|86|180172|188260|41158|71599|29250|4759|6131|1750|4893|14235|3110|2858|200|143
15|24|4|3413|107|123758|127171|26166|38337|26251|3942|2955|1902|3661|11152|6861|1918|350|156
14|1|5|5935|68|168016|173951|48698|68336|15873|8744|5767|14548|5982|||||
14|3|5|8073|116|163461|171534|65376|66192|4572|9917|1551|12030|3707|||||
15|27|4|6292|122|185164|191456|44832|74198|22581|5080|9775|3626|5280|14273|3573|1344|294|186
15|28|4|6563|205|243062|249625|57944|81577|45447|7468|5453|5047|8099|19863|8747|2074|755|383
14|5|5|6828|112|177351|184179|48292|59115|19163|9290|5336|30096|5947|||||
15|30|4|3563|102|134261|137824|14496|35606|44447|4266|4161|5168|3922|9449|9504|2266|699|175
14|7|5|6108|111|160088|166196|39354|62537|11684|13530|5648|21724|5500|||||
30|7|4|5347|64|152249|157596|56560|47788|18646|4016|2513|1571|4883|10061|4461|1315|275|96
30|9|4|6744|59|169411|176155|56104|56601|26025|3776|3475|2040|3872|10072|5208|1643|390|146
30|11|4|5504|122|176161|181665|32465|52230|51971|3607|2903|2263|2819|11817|12112|3010|670|172
30|13|4|5968|98|179884|185852|85071|49569|17938|3836|1984|2077|3173|10170|4293|1003|555|117
30|15|4|8021|95|177016|185037|61504|48076|32377|4692|3623|2555|4559|9850|6828|2228|443|186
30|17|4|6069|79|189881|195950|85508|53903|20119|4058|2795|1940|3341|11491|4855|1307|336|149
30|19|4|5594|45|145941|151535|53835|43320|21637|3783|2450|1492|2517|9817|4917|1605|388|135
15|28|5|6585|205|243885|250470|58222|91754|49962|17428|9618|8557|8139|||||
15|29|5|3672|90|133163|136835|14599|42052|46451|9032|7886|9032|4021|||||
30|21|4|5604|68|164289|169893|41613|55019|38916|3325|2900|2186|1968|8871|6718|2165|424|116
15|32|5|4033|83|138596|142629|12520|44664|48529|10565|8177|9384|4674|||||
15|35|5|6158|66|162377|168535|28726|70364|32316|10267|7873|7453|5312|||||
15|36|5|6551|52|162475|169026|33871|68948|44922|6033|5002|1646|2001|||||
15|39|5|5194|110|165961|171155|14699|58790|53495|13807|8615|10421|6024|||||
11|9|4|15157|124|153237|168394|69681|59847|8670|5665|1690|1572|3983||1396|434|111|64
11|10|4|11214|47|138038|149252|63094|36521|12438|13887|3014|1580|5545||1267|465|91|89
11|13|4|11904|75|138831|150735|60743|30169|21880|11266|2204|1767|7888||1790|737|221|91
7|6|4|12576|128|164167|176743|30216|38089|27054|38219|4332|2259|5607|11178|4667|2053|255|110
11|14|4|13046|54|127803|140849|50542|34975|18438|8733|2002|6384|3772||1775|765|235|128
5|2|5|11296|69|167956|179252|61842|67032|19138|5289|5476|3168|5942|||||
7|9|4|12719|249|155075|167794|23961|24223|33996|29713|4893|3135|6808|16359|8621|2486|429|202
13|1|5|13352|50|157086|170438|34616|68092|34596|2751|5443|2647|8891|||||
13|4|5|10721|80|137806|148527|42878|53132|22899|4522|4617|2592|7086|||||
13|5|5|13062|88|172541|185603|38054|65543|40117|9541|7102|5216|6880|||||
3|1|4|9331|60|106619|115950|38998|41766|11143|1667|2784|1969|2583||4094|1189|221|145
3|2|4|10899|93|123148|134047|42876|46450|14735|3402|3070|2590|3238||4802|1405|298|189
18|1|4|10212|23|124645|134857|30058|55536|19646|2660|2862|1179|6053||4638|1554|308|128
18|2|4|12060|65|155721|167781|44228|54357|21011|4132|4556|3099|14700||7391|1473|414|295
18|3|5|13508|67|150591|164099|45528|62943|18539|4322|7814|4068|7310|||||
8|6|4|13244|121|163946|177190|67959|59272|13799|7159|2460|1657|8121||2405|681|200|112
8|8|4|15365|124|160222|175587|55958|60506|13639|9782|3962|1716|10155||3013|950|258|159
8|5|4|13203|99|160321|173524|53717|71364|13235|5616|2819|1396|8245||2554|953|206|117
8|2|5|9378|38|79080|88458|19114|31351|12713|5188|4244|2574|3858|||||
8|6|5|13278|122|164659|177937|68324|59449|15157|7173|3667|2631|8136|||||
2|2|4|11938|129|129166|141104|56073|38621|15153|4582|1657|2143|5767||3723|855|328|135
2|2|5|12077|131|130370|142447|56555|38943|17265|4623|3416|3646|5791|||||
2|4|5|12543|59|147910|160453|44078|37915|31054|6907|13536|6495|7866|||||
2|5|5|11065|145|137458|148523|51907|31898|29529|6072|7345|6116|4446|||||
2|8|5|14483|95|170529|185012|52337|46830|39039|7950|9482|8316|6480|||||
16|5|5|12935|81|132171|145106|43456|42114|27111|7076|4961|3211|4161|||||
16|8|5|18652|121|128886|147538|34839|49686|23045|8780|4192|3862|4361|||||
16|9|5|15300|115|130777|146077|31103|45316|33206|7886|5671|3383|4097|||||
23|3|4|5309|224|128985|134294|36508|28585|33349|4895|2737|1874|3661|7909|6693|1996|411|143
7|8|4|12246|108|166817|179063|12285|39484|22590|64324|6298|1805|6728|6540|3660|2605|243|147
5|4|5|13164|62|143914|157078|48632|61100|14772|5968|4415|2525|6440|||||
7|12|4|8417|93|145009|153426|38299|39508|16633|21418|3555|1755|4692|13147|4076|1472|234|127
5|6|5|12361|129|179128|191489|75344|53158|27968|4972|6789|4262|6506|||||
11|4|5|16198|152|155894|172092|65766|58874|11549|8928|3158|2380|5087|||||
11|5|5|20501|116|177619|198120|90967|58458|8088|11188|1996|1758|5048|||||
7|2|5|9213|80|150822|160035|14435|55388|33597|28712|7026|1517|10067|||||
11|8|5|13270|64|173207|186477|82195|51161|13698|11115|3825|3070|8079|||||
7|4|5|11313|92|159794|171107|30255|42453|24266|41664|6176|3459|11429|||||
11|10|5|11404|66|139033|150437|63404|36786|13384|13950|3748|2116|5579|||||
7|7|5|8167|40|132661|140828|29844|32257|21557|29745|7469|2947|8802|||||
11|13|5|11997|76|139743|151740|61180|30332|23143|11298|3240|2554|7920|||||
7|8|5|12528|109|167989|180517|12560|43014|25590|67743|8946|3264|6763|||||
7|11|5|10466|55|161283|171749|29022|47447|30427|39737|9136|2710|2749|||||
25|1|4|10281|31|123914|134195|42429|50239|8295|2079|872|692|17519||1094|492|127|45
25|3|4|13214|47|139392|152606|35190|55462|14202|3420|2506|1749|22655||2986|804|245|126
25|5|4|13205|136|159699|172904|27565|58674|23875|4569|6557|3594|26757||5998|1346|377|251
25|6|4|10913|79|126123|137036|35840|49543|10421|2890|1568|963|22403||1665|589|110|52
25|8|4|11905|82|120373|132278|33304|37983|12606|5868|3380|1862|19952||3956|1021|216|143
25|2|5|11699|54|161635|173334|61662|44207|18767|5097|3781|2971|25096|||||
25|3|5|13299|49|140425|153724|35514|55832|15896|3449|3993|2950|22742|||||
25|6|5|11078|79|128030|139108|36671|50038|11662|2945|2495|1636|22504|||||
2|1|4|13292|66|126228|139520|47036|42916|14908|5339|1864|2136|6557||3921|929|391|165
2|5|4|10675|141|134931|145606|50926|31338|25765|5998|4337|3682|4384||6004|1646|496|214
2|6|4|13969|73|144294|158263|47371|40444|27036|6629|3959|4171|5418||6743|1694|507|249
23|2|4|5407|61|151061|156468|22437|52095|33085|4647|6274|2019|6357|11933|8070|3472|429|182
