ID_ESTADO|ID_DISTRITO|NUMERO_VOTOS_NULOS|NUM_VOTOS_CAN_NREG|NUMERO_VOTOS_VALIDOS|TOTAL_VOTOS|PAN|PRI|PRD|PVEM|PT|MC|PANAL|PRI_PVEM|PRD_PT_MC|PRD_PT|PRD_MC|PT_MC
15|28|4458|168|246339|250797|48878|84688|51506|2363|3912|3590|5932|26120|15051|2670|1011|450
9|17|4172|152|207183|211355|45083|41432|59544|2375|5753|3152|4058|15110|24466|4582|986|490
5|2|3302|49|176206|179508|62613|64158|20916|2182|3454|2013|3619|9861|5504|1285|349|203
16|6|4333|108|131758|136091|28699|46299|24392|2532|1951|1239|3293|13880|6370|2357|523|115
11|13|4659|33|147638|152297|61545|35716|22751|5838|1834|1302|5587|8209|3518|874|313|118
15|36|5481|34|163846|169327|34717|67763|40450|989|2414|647|1514|9102|3250|2650|246|70
14|19|4937|37|171603|176540|49359|58898|24807|2441|2921|9449|5689|10541|5158|967|733|603
14|15|4626|39|163671|168297|55534|58562|15735|2722|4023|6247|3455|11503|3829|740|502|780
15|34|3231|91|182802|186033|45174|69899|29661|1677|2555|1496|5314|18370|6462|1593|367|143
26|7|4806|24|158103|162909|51369|49330|31699|1007|2011|1352|1525|10865|5927|2339|517|138
14|4|3666|125|175601|179267|53952|54701|17661|2249|3376|12173|5150|15918|7983|697|975|641
22|3|4484|114|209797|214281|78593|57174|37059|1768|4128|3380|5359|12148|8070|1216|530|258
19|7|2419|46|126701|129120|50994|33845|17369|829|5461|1235|3131|7289|5006|1011|275|210
30|6|3468|14|142607|146075|45463|42861|27708|2665|2460|3061|2152|7610|6441|1513|516|143
17|5|4785|39|155326|160111|25429|40827|42890|4278|7109|4310|3849|9732|12744|2699|1013|407
31|3|4237|78|217711|221948|79663|66019|33932|1749|3195|3050|4906|15497|7549|1246|577|250
25|6|4219|46|133980|138199|40415|54144|17667|1270|1709|1221|2994|9607|3748|828|235|96
11|12|4660|67|162962|167622|72168|46066|16355|2890|1878|1768|4973|12061|3869|530|236|101
9|3|3384|166|186237|189621|34557|35737|58075|1418|5605|3978|3519|13048|24773|3627|1160|574
12|3|4470|10|149690|154160|10226|50324|54758|1492|2252|3419|2534|10036|10055|3400|954|230
9|8|3558|161|190364|193922|35461|38969|56757|1537|6517|4305|3657|14341|23594|3403|1075|587
19|6|2300|63|147358|149658|70586|32136|19350|923|5622|1291|3554|7093|5240|1065|236|199
2|8|2915|51|182768|185683|45884|48371|40127|2604|4390|4521|5521|15249|12070|2653|942|385
9|25|3002|97|167230|170232|21229|26694|58375|1585|6988|3722|2939|10858|27898|5084|1108|653
12|8|8128|36|146258|154386|25889|35889|51189|7942|5442|1612|1305|5456|7155|3631|579|133
13|6|3031|76|185150|188181|42555|50508|41528|1873|4276|2864|8593|14591|14679|2468|748|391
24|3|7032|37|146294|153326|50983|55587|11804|2310|5411|1771|3101|10700|3263|884|220|223
11|2|5712|31|137790|143502|57670|44417|13749|3351|1781|1659|4915|7498|1987|496|158|78
15|40|4472|64|161296|165768|34008|69855|23939|1745|4043|2040|3644|15808|4171|1522|281|176
11|1|5350|44|126551|131901|49400|45474|10632|4673|1701|774|4099|7557|1560|479|106|52
15|32|2856|44|140066|142922|14479|42110|40774|1725|2476|3511|3406|14095|13535|2638|1038|235
19|11|2856|55|151197|154053|59312|39115|21108|1481|6597|1539|5128|8864|5987|1478|293|240
9|15|4517|337|239802|244319|77750|47742|60968|1521|9073|4706|3626|12758|17092|2803|865|561
15|38|3552|96|169365|172917|21723|47747|39348|2044|2985|14341|3946|17205|15810|1987|1476|657
15|3|5090|26|148178|153268|28570|73668|15041|1637|1788|3026|3068|16532|3690|692|338|102
5|3|3187|38|176847|180034|73490|56863|19869|1636|3151|1668|3149|9792|5701|1050|282|158
15|35|3920|39|164614|168534|27717|66621|31673|1500|4282|3807|4708|14976|6694|1797|544|256
7|11|7657|22|163912|171569|30010|43051|33509|24399|6635|1644|1560|11716|6592|4219|385|170
17|2|4011|71|173233|177244|35282|46022|46520|3935|3537|2316|4554|13818|13479|2731|732|236
11|8|5438|58|181642|187080|78546|54765|17467|4413|2556|1732|7019|10124|3979|638|233|112
20|1|3404|18|150946|154350|42493|41670|33769|1934|3820|6609|1802|7573|8802|1509|688|259
30|3|3586|43|145604|149190|49481|49818|20327|2602|1766|1207|2812|10489|5515|1092|323|129
10|3|3379|23|164485|167864|44903|72723|11421|1767|7735|1138|2979|15170|4462|1620|246|298
14|12|6799|96|254635|261434|77416|75262|22393|4014|3560|25914|7685|22679|11822|842|1719|1233
21|14|4310|32|123440|127750|20783|37671|25171|1473|5292|2201|1977|13276|11403|3256|544|361
17|3|3817|69|169361|173178|26634|41138|49194|5546|5744|5110|4107|11952|15590|2730|1081|466
21|1|7278|55|159685|166963|39148|45920|29544|2236|7026|2657|2775|14553|11668|3077|655|371
7|9|5708|85|163328|169036|24574|25112|44620|14155|5021|3481|3368|19905|18153|3527|934|393
9|22|3293|69|150034|153327|13571|23352|51465|1472|6341|3379|2791|10798|29313|5641|1177|665
30|13|4285|32|181810|186095|80792|48084|24147|2016|1679|2171|2221|11664|7046|1254|545|159
5|5|3590|53|171384|174974|56466|59608|23186|2770|3668|1796|3905|11560|6541|1287|335|209
20|11|4044|23|151011|155055|18574|47973|54546|2047|4449|3328|1161|7486|7829|2917|516|162
23|3|2443|117|132226|134669|37709|25218|38238|1585|2365|1750|2821|8787|10443|2335|661|197
16|1|2847|28|123861|126708|19144|41290|35869|1345|1953|1201|1726|9362|8555|2677|560|151
7|10|7712|12|155873|163585|34245|34575|28103|30001|3770|1981|4430|9358|6503|2335|390|170
16|12|2645|26|109732|112377|20800|41879|26478|1468|1506|730|1442|8580|4499|1913|352|59
21|12|3138|83|183733|186871|56218|32581|39248|1569|7732|3939|4569|14129|19378|2872|844|571
19|8|2625|41|154866|157491|64409|38138|21800|1205|6135|1600|5042|8440|6299|1243|258|256
2|7|3110|68|169407|172517|46182|51129|29441|2608|3979|2560|4506|16596|9580|1882|591|285
30|1|3274|30|137863|141137|51644|48317|15763|1930|1367|961|1747|10844|4006|935|244|75
15|26|3688|88|188763|192451|46677|72621|26687|2121|2648|1534|5763|21691|6957|1452|368|156
28|1|3909|66|171750|175659|86822|42971|16408|1586|1577|1268|5386|9276|5123|822|314|131
9|1|2820|61|139254|142074|15805|22446|50051|1357|5105|2796|2741|9402|23590|4432|951|517
20|8|2564|62|179767|182331|36385|41582|54038|2023|4605|5721|3376|11513|16655|2445|975|387
8|3|2468|112|130886|133354|36824|35550|25983|1944|3222|2584|5375|9117|8230|1243|484|218
13|7|3569|51|184781|188350|34805|61391|36063|2519|4026|2801|9022|17109|13217|2683|766|328
15|9|6292|29|177152|183444|29461|82687|17722|2216|5688|7675|3942|19660|6016|1157|609|290
14|7|4534|85|161504|166038|45989|52730|14132|2721|3360|10474|5480|16488|7843|766|836|600
29|3|3647|26|161941|165588|28922|40673|39419|1909|5507|4136|4745|13491|18296|3490|926|401
24|4|5725|44|139223|144948|39741|45757|20207|2441|5034|5579|2982|10033|5049|1552|521|283
15|37|2686|103|163687|166373|26715|50186|39006|1634|3129|4544|4472|17139|13464|1962|949|384
16|9|3923|70|142213|146136|26978|49007|32996|2651|2305|1495|3692|13144|6950|2295|478|152
9|13|3001|208|158371|161372|24943|30329|51566|1258|5427|3272|3147|11702|21446|3676|922|475
31|4|3817|75|201885|205702|77645|62844|29421|1530|2447|2555|4514|13344|5886|1014|429|181
15|30|2633|101|136258|138891|15819|37323|42945|1264|3103|3340|3096|11973|13691|2494|851|258
15|8|2467|66|136914|139381|22037|41127|34544|1359|2295|2560|3670|14853|11437|2052|663|251
27|6|5091|76|199578|204669|12013|50836|85052|1437|3064|4233|1171|11602|22797|5675|1430|192
30|7|4275|24|154295|158570|52954|45580|25482|2172|2331|1727|3175|11426|7323|1576|412|113
17|4|4158|34|153458|157616|23369|46115|40497|4414|6300|5039|2626|9762|11619|2293|1004|386
14|2|4695|36|163319|168014|65864|58938|9375|3241|1093|4490|3716|13592|2161|346|287|180
14|9|3583|79|159314|162897|47167|47873|16799|2282|3300|11821|5019|14777|7764|738|990|705
15|6|3004|110|198578|201582|36665|55519|52521|1773|3361|2715|5621|19619|16577|2906|908|283
15|10|3625|113|187705|191330|27954|54393|46826|2245|3005|2760|5089|22420|18459|3217|918|306
9|14|3251|84|166795|170046|20776|26142|58851|1544|6538|3420|2824|11176|28699|5098|1095|548
15|4|4072|98|196554|200626|39167|58115|43291|1995|3651|4626|5423|20320|15704|2831|1025|308
2|5|2263|84|146530|148793|44030|34393|31565|1933|3702|3474|4056|11239|9217|1865|694|278
9|12|3490|212|176712|180202|32344|36549|51466|1559|6175|4056|3238|14769|21621|3184|997|542
23|2|3781|32|154446|158227|23800|48344|39951|2053|5616|1909|3140|13071|11689|3950|605|286
30|20|4197|15|151251|155448|53581|47826|22646|1828|2964|1973|1474|10614|6205|1658|339|128
11|10|4894|42|145981|150875|61759|41683|16359|7403|2373|1120|4596|6831|2908|651|170|86
12|4|3346|26|148253|151599|19449|33681|42437|2914|2600|7887|2736|13954|17760|2565|1876|368
30|2|5297|30|171832|177129|64277|62686|24928|3005|3071|697|1550|7576|2687|1107|174|44
31|5|5029|13|209629|214658|82542|80694|23112|2720|3230|1082|1859|9904|2765|1344|250|114
14|1|5272|43|168976|174248|48956|67355|17164|2216|3671|8360|5089|11088|3060|591|472|911
14|16|4205|70|176465|180670|55174|53803|15242|2699|2827|13104|5486|17081|8502|685|1113|679
32|3|4157|55|161835|165992|27842|63978|25109|3727|6368|1799|5515|18246|6417|2172|403|204
25|2|3962|46|169458|173420|51704|54921|29749|2007|2246|2111|3237|12891|8298|1493|560|195
19|1|2950|66|170666|173616|85121|37712|19833|1253|6010|1837|4717|7124|5488|1020|277|208
11|3|4647|84|192032|196679|89266|59157|12106|3566|1418|928|4697|17837|2338|433|143|59
8|2|2936|25|85391|88327|17778|30467|13328|2235|2477|1381|3140|8139|4788|1100|335|198
24|2|6650|60|153888|160538|48078|44897|22919|4687|3591|2184|5945|12625|6355|1656|491|400
12|7|4292|33|158131|162423|15783|47627|50548|4175|2803|6419|2644|11645|12347|2593|1185|329
9|2|3435|165|178632|182067|41352|34882|51661|1373|6249|3616|3348|11894|19633|3116|856|487
25|5|3299|195|171186|174485|36299|61466|31596|2224|3046|2625|3112|17843|10441|1461|600|278
12|9|4008|22|138021|142029|18178|34278|39029|2452|2408|5978|2326|13314|15245|2791|1673|327
30|8|4242|52|196382|200624|65914|50229|41935|2569|3870|3065|2724|11019|11446|2520|781|258
11|9|4220|68|164696|168916|67099|59217|12737|1935|1443|1219|4092|13058|3027|527|183|91
16|3|3955|45|124822|128777|21726|45190|27491|2227|3116|1194|2197|11961|6082|2957|450|186
14|3|5390|72|166827|172217|66134|66385|6628|3033|1071|6945|3810|10199|1841|250|251|208
3|1|2265|32|115154|117419|35090|38019|14385|1051|2393|2069|2339|11177|6709|1298|361|231
15|19|2980|100|158066|161046|32901|43458|39245|1400|3486|2081|3687|15223|13402|2191|624|268
21|6|3783|73|176683|180466|49069|31775|36882|1717|7285|3628|4995|16173|20399|3267|814|606
26|1|3384|29|146788|150172|54118|52494|17115|1552|2047|1355|2298|10645|3529|1174|315|117
15|17|3078|102|155837|158915|21296|43825|42228|1571|3179|2558|4399|16809|16394|2375|784|317
12|6|6105|29|161199|167304|16968|56922|46929|4251|7339|8856|2645|7917|5670|2401|1036|236
7|3|8882|40|164179|173061|23662|39542|31579|40123|3899|1722|10426|5473|5251|2086|267|109
19|9|6173|25|177574|183747|53817|70300|12917|1277|10229|1420|11254|11767|3163|996|185|224
10|1|3494|42|146229|149723|38438|66243|7870|1531|9908|867|2832|12762|3989|1342|143|262
21|4|6766|17|149038|155804|35473|49732|24126|1826|8219|1883|3542|13653|7138|2740|389|300
20|9|4113|62|141853|145966|31821|38127|39347|2349|3382|3248|2415|8841|9514|1972|587|188
9|26|3972|204|201039|205011|45837|39553|58190|1532|7553|3644|3341|11952|23168|4509|971|585
30|11|3585|59|180135|183720|31054|42629|62011|1474|2392|2312|2244|12715|18561|3525|956|203
5|4|3065|60|153962|157027|51325|54549|17773|1876|3005|1492|4998|12170|5130|1065|307|212
19|5|3317|31|121385|124702|36930|40772|12318|1338|10246|967|3075|9103|4790|1410|174|231
4|1|4707|56|197009|201716|55132|63916|29365|1548|3291|7052|6647|17375|9682|1499|838|608
10|4|3013|50|179025|182038|56214|53702|20533|1831|13193|2387|5346|13165|9334|2395|348|527
11|11|5105|17|141178|146283|50975|55069|12727|3521|2120|720|2594|10338|2178|740|127|52
31|2|4503|28|206787|211290|77080|80140|20749|6163|2808|1581|3403|10208|3384|853|262|128
26|3|2963|60|149019|151982|57429|42903|22650|1025|2571|1744|3115|10050|5941|952|355|224
14|5|4798|79|179776|184574|49795|54657|22911|2037|3016|18674|4529|11433|9367|912|1494|872
7|1|9622|19|190211|199833|23590|44016|41894|43837|8861|2400|1486|7451|10726|5166|504|261
8|1|3722|83|172523|176245|32439|57780|30609|4190|5053|2880|6956|17581|12058|1969|593|332
11|5|4419|79|193952|198371|94510|57934|11811|3608|1300|865|4606|16549|2112|363|144|71
13|2|4513|50|160760|165273|25788|59677|38767|2860|5034|1806|5503|9219|8503|2849|534|170
27|3|4570|12|182399|186969|6813|51353|86177|892|2233|1861|1036|8403|15942|6699|863|115
25|3|4112|48|149307|153419|37325|61754|21971|1667|1853|1602|2610|13500|5448|959|405|165
2|3|2947|62|147674|150621|33976|43005|33446|1951|5011|2485|3702|11624|9058|2451|616|287
20|3|3502|35|147167|150669|24304|44869|40959|2196|3950|4471|2127|9778|11138|2392|695|253
30|18|5831|30|167174|173005|47808|49272|42067|2605|2356|2411|1859|8999|6867|2265|509|126
15|39|3314|64|167683|170997|16789|52576|46820|1922|2828|4290|4164|18819|15363|2704|1029|315
9|7|3394|170|185808|189202|28079|37639|58834|1723|6185|3910|3601|14923|25377|3690|1094|583
16|8|4453|417|143433|147886|28111|52017|26424|2595|2071|2456|4125|16222|7140|1171|493|191
15|25|2960|65|142440|145400|18414|43129|35820|1936|2542|2055|3539|17304|14201|2475|753|207
30|12|2694|75|165333|168027|78917|28883|27698|1045|2155|3514|2520|8427|10077|1119|648|255
9|11|3015|139|158126|161141|24530|30486|51230|1315|5219|3501|3215|11709|21813|3454|997|518
14|10|3539|117|181604|185143|75566|42228|17769|2211|2861|11555|4351|14415|8262|651|974|644
5|1|2897|40|151085|153982|57491|53334|15283|1902|2488|1669|3264|10029|4254|891|255|185
1|2|4993|191|176621|181614|50467|53156|26309|3244|4750|3604|12347|12209|8359|1220|501|264
5|7|2661|59|144986|147647|59765|44302|16708|1409|2627|1337|4135|8752|4588|883|241|180
1|1|4386|75|148082|152468|44735|52460|12688|3628|4307|1632|14006|9833|3498|833|196|191
20|5|2530|35|135861|138391|21440|41143|46915|939|3535|3227|1154|6683|8091|2061|520|118
12|1|3510|15|146581|150091|9794|56617|54411|3403|1616|5120|877|7479|4434|2136|546|133
21|5|3434|28|142371|145805|31902|39048|23511|1820|6383|2569|4297|16862|12189|2666|616|480
7|12|5924|26|149681|155605|44623|35839|24952|8463|3934|2105|2650|14561|9524|2243|521|240
15|18|4033|60|199751|203784|48117|70284|37556|1939|6015|2035|3876|17006|9714|2389|495|265
21|3|4858|21|146761|151619|48751|42112|17433|2250|5752|1999|3200|14447|8075|2013|382|326
15|13|2917|106|144891|147808|20187|41890|37900|1584|2892|2060|3622|16300|14888|2501|688|273
2|2|2795|69|139454|142249|49543|39110|21205|1500|1641|2244|3584|12198|6677|998|489|196
28|8|2287|44|163420|165707|80729|34879|22718|1182|1641|1828|3358|8239|7205|1045|390|162
25|7|3959|94|142489|146448|31033|54364|22110|2102|2327|1828|3788|15559|7546|1109|437|192
9|5|2925|167|167186|170111|40766|30974|50391|1114|6726|3358|2712|8703|17873|3069|822|511
9|20|3292|159|183087|186379|30428|33952|55483|1552|8878|4147|3627|12533|26310|4357|978|683
15|15|3290|112|175326|178616|56875|44202|36066|1442|3734|2453|3522|13513|10711|1810|569|317
13|5|3020|35|181617|184637|28545|61094|44049|4645|2835|2337|5663|15904|12614|2907|746|243
15|12|4600|96|207613|212213|28663|63156|56029|2529|3369|4816|5430|21286|17969|2789|1126|355
31|1|3454|11|198055|201509|78748|79113|19312|2439|1516|934|3556|9147|2251|795|164|69
8|9|6460|92|143855|150315|32500|78650|9751|2039|1848|811|3924|11330|2113|535|165|97
11|4|5600|134|166526|172126|63965|59127|15971|3226|2186|1423|5066|11588|2932|631|181|96
12|2|4473|17|159148|163621|21069|51952|49147|4261|3313|1663|3467|10713|9802|2842|743|159
14|11|3969|84|157591|161560|44388|46531|16822|2204|3133|13181|5042|14599|8956|787|1110|754
15|1|5320|33|167621|172941|34756|79054|18524|1782|3574|3385|3010|17394|4197|1375|345|192
14|14|3521|82|166825|170346|57588|44037|16094|2273|2761|13158|4730|15179|8451|689|1091|692
5|6|3044|86|187396|190440|70258|48632|33782|1545|4205|2372|4887|10274|9080|1571|454|250
8|8|4401|132|171262|175663|48361|61731|21901|2883|3688|2083|7842|14707|6166|1174|399|195
12|5|6730|35|160350|167080|16662|47346|57462|1583|14288|8395|1685|3863|4747|3286|699|299
21|2|5315|105|146187|151502|35061|45788|20436|2285|5357|1638|3801|19294|8963|2658|447|354
14|6|3489|149|202294|205783|81769|55818|18685|2229|2855|10940|4602|15674|7392|696|937|548
2|1|2978|49|137558|140536|42922|43295|19760|1897|1813|2124|3759|13451|6618|1128|527|215
4|2|5372|31|174193|180263|53429|50105|29322|1335|4297|4260|3138|15977|9493|2272|701|531
16|5|3500|41|141486|144986|41587|44592|26873|2334|2342|1531|3286|10606|5988|1779|398|129
8|4|2850|69|98488|101338|20423|31130|16850|2202|3447|1748|4240|9561|6865|1396|334|223
14|13|3273|133|169855|173128|54552|48861|17312|2057|3100|13227|4892|15045|8315|643|1040|678
18|1|3442|25|132634|136076|21727|58315|25798|1481|2991|1439|1572|9713|7073|1856|453|191
26|2|3857|91|156158|160015|49006|58854|19941|1805|2942|1756|2618|13040|4257|1111|520|217
7|5|7880|49|161928|169808|15560|54247|37276|23719|3692|2171|2454|10883|8802|2339|518|218
9|4|3014|109|164219|167233|23252|26888|53719|1362|8273|3898|3007|10420|26969|4675|959|688
9|23|3664|147|192323|195987|32245|29784|70731|1240|7650|4540|2933|9473|27052|4703|1199|626
13|3|3874|35|174993|178867|23816|63999|40108|2028|6349|2195|9211|12420|11135|2917|526|254
15|33|4316|84|202507|206823|28720|69456|44584|2060|4912|11772|4572|18647|13567|2130|1410|593
21|10|3211|55|167742|170953|53568|29214|33632|1502|7071|3869|4076|13034|17335|2921|919|546
20|7|3186|16|150173|153359|22982|49830|47740|1329|6521|3832|979|7475|6584|2300|431|154
21|15|3479|34|144309|147788|38216|36167|24746|1576|6914|2637|3003|14653|12379|3017|553|414
28|5|3394|52|177453|180847|59608|58337|22174|1286|5696|2389|4594|12283|8731|1542|430|331
28|2|3701|47|172558|176259|70252|45618|24672|1595|3572|2380|3897|9856|8586|1408|440|235
28|4|3602|41|157875|161477|61298|47169|19491|1950|2676|2085|3903|10758|7044|927|317|216
21|7|4078|19|136793|140871|26589|34248|27404|1429|6218|2023|3223|16084|14378|4169|587|422
16|7|3897|49|134755|140081|27269|44420|36387|2711|3072|1494|2403|9072|6187|2528|437|155
30|10|3478|85|181776|185254|44666|32521|58320|1721|4442|3816|4112|9613|17753|3325|1007|395
14|17|5055|52|178545|183600|52681|64544|16653|3501|3388|13041|5836|12482|4472|606|624|665
14|18|5177|30|180158|185335|60729|61992|19751|1866|2157|11983|5545|9779|4461|680|706|479
15|14|3250|91|167941|171191|41751|44396|37227|1536|3594|2277|4115|15773|13946|2285|696|254
9|10|3864|198|209031|212895|57139|45907|54154|1612|5335|3643|3430|13455|19723|3142|860|433
30|5|3451|58|151263|154714|49658|44197|29015|1565|2278|1642|3147|9965|7406|1661|481|190
7|4|7169|20|164394|171563|29438|41474|30952|28368|4688|2343|5285|11024|7619|2571|416|196
9|18|2896|103|155348|158244|19917|29557|50151|1507|5629|3536|3146|12344|24278|3777|941|462
15|20|2330|112|137041|139371|19299|36678|40355|1219|3033|3609|2926|12567|14191|1933|804|315
7|6|7508|17|171486|178994|31416|37830|38050|24363|5093|2704|3275|14013|10789|3127|570|239
8|5|3565|50|171029|174594|47964|70101|19934|2224|3014|1701|5693|13610|4981|1200|353|204
16|4|3594|34|132769|136363|37734|45457|26204|2140|1366|1346|2376|9330|4710|1599|382|91
6|2|3118|42|132272|135390|45955|46634|17806|1988|2633|1516|1896|8135|4290|954|291|132
25|4|4217|21|123164|127381|22349|51626|26245|1341|1341|1279|2657|9629|4870|1246|450|110
11|7|4537|36|162771|167308|67207|59002|12271|3846|981|751|3111|12800|2040|514|172|40
6|1|3063|67|166762|169825|55565|55508|24195|1556|5321|2351|2985|10317|6919|1318|394|266
32|4|4458|47|170652|175110|28043|66800|26903|4481|6526|1600|5788|20141|7157|2589|351|226
21|9|3394|71|172650|176044|50447|28775|36073|1588|7049|4109|4882|14320|20958|2893|899|586
9|19|3052|73|153051|156103|16219|25055|52385|1437|5810|3395|2832|10857|28559|4824|1065|540
9|24|3482|211|189893|193375|46741|37070|56769|1217|7124|3792|3134|10729|18828|3018|762|498
24|5|3809|154|164755|168564|65974|35865|27007|2645|3304|2543|5468|11854|7955|1263|464|259
21|16|6606|9|127657|134263|31454|48217|17337|1339|6219|1802|3012|9477|6079|2133|323|256
26|5|2964|56|141019|143983|56020|41174|20385|875|2783|1525|2353|9068|5409|871|309|191
15|31|2855|94|132287|135142|14466|36741|41674|1211|2228|3453|3239|11984|13768|2220|956|253
30|19|4626|28|148489|153115|53202|41783|25398|2346|2195|1516|1649|11066|6858|1822|479|147
30|9|5217|18|171702|176919|56831|45735|35728|1952|3333|2260|3358|10663|8916|2128|573|207
15|5|4003|65|207843|211846|35412|73188|46161|2113|5567|5635|4298|19117|12310|2679|853|445
2|4|2622|42|158669|161291|39365|40576|31969|2353|8014|3230|5472|12752|11073|2740|659|424
15|27|3511|116|190208|193719|45115|74807|27133|1853|6997|2194|5112|18118|6550|1641|322|250
24|7|10869|56|166997|177866|45355|55940|26368|4116|5959|6117|4814|11104|4287|1566|900|415
9|16|4029|152|189386|193415|34675|32855|60853|1702|5959|3683|3733|12739|26831|4547|1146|511
7|2|6533|27|153723|160256|17823|54800|35945|24049|5623|996|3653|4422|3519|2614|179|73
2|6|2852|71|158936|161788|41516|43069|32482|2369|3415|3869|4629|14715|9930|1881|700|290
8|6|3804|114|174463|178267|61945|57996|22891|2184|2532|1982|6574|11545|5126|928|438|208
21|11|3489|120|183539|187028|61620|30129|35419|1733|7684|3835|4661|15520|18608|2819|753|638
7|8|9224|28|171156|180380|19949|36144|30036|48890|6813|2349|5052|10259|7585|3411|422|218
15|21|2935|109|148830|151765|42553|42426|29343|1481|2813|1618|3260|14137|8592|1799|511|188
30|14|3376|52|152861|156237|39511|43727|38677|1545|2611|1937|1596|9694|10263|2491|587|170
22|2|6739|76|205719|212458|70136|66297|30291|2515|4599|2775|5868|14516|6845|1251|347|203
21|13|3123|31|126247|129370|37908|35012|19580|1141|5701|2291|2155|10669|8479|2412|484|384
19|2|2614|51|178096|180710|65972|52166|22893|2156|7032|1685|6397|11333|6493|1385|258|275
32|2|4328|49|154401|158729|40071|60875|20535|3628|3030|1121|4605|14580|3984|1534|262|127
9|21|2845|76|163326|166171|18004|30453|56393|1562|6415|3230|2847|11926|25829|5013|1013|565
30|16|3615|63|186253|189868|73724|41681|36648|1671|2548|3021|2819|10391|10696|2002|707|282
25|8|3148|79|130902|134050|34484|41872|20918|2147|3299|2079|2595|13293|8087|1391|413|245
15|16|4007|88|169383|173390|24132|53936|41881|1847|3332|2318|4254|18810|14554|3144|845|242
27|1|4593|8|160061|164654|14909|51475|60844|988|2767|4421|668|8000|11444|3415|908|214
19|4|2641|56|161843|164484|78848|31875|22476|1351|6346|1377|4962|6975|5893|1257|230|197
13|4|4277|30|144597|148874|29713|49808|32041|2286|3111|1587|6269|9686|7622|1786|485|173
20|2|4211|46|132314|136525|22387|46123|37707|1690|4027|8750|663|4621|4347|1256|525|172
11|6|4554|359|189202|193756|85631|59436|11665|3702|1451|972|4696|18223|2430|441|126|70
16|10|4642|117|154752|159394|39513|53019|27377|2420|2591|2756|4256|14273|6545|1174|479|232
29|2|3102|31|179781|182883|32902|44578|45723|1788|7534|4012|5319|13983|18917|3661|868|465
27|4|3307|29|176836|180143|8676|35452|80678|1059|3851|4314|1210|9653|24852|5450|1364|248
18|2|3300|45|166988|170288|26241|55343|36256|1921|5080|4133|4848|14318|15407|2139|764|493
15|29|2609|76|134176|136785|15589|37999|40133|1260|2740|3630|2987|12671|13833|2116|859|283
27|2|4618|16|157345|161963|6418|47754|69685|842|1753|1254|802|8463|13482|5953|826|97
15|2|3616|66|175646|179262|34783|61399|34249|1709|2809|5825|3943|17035|11214|1653|693|268
17|1|3552|86|186757|190309|46960|43984|49636|2495|5124|3042|3954|12773|14724|2747|855|377
15|7|3363|172|200220|203583|46155|51757|47509|1777|5588|3064|5473|17881|16854|2883|733|374
9|9|3247|117|168447|171694|26029|36230|50332|1494|4599|3626|3451|14996|22861|3194|1022|496
28|6|3423|26|165072|168495|68388|60778|13778|1453|1690|1188|2434|10065|4024|879|242|127
30|21|4312|21|166171|170483|39881|51120|45027|1694|2289|1987|1399|9781|9707|2596|568|101
8|7|4045|71|151726|155771|30606|63450|21671|2875|3604|2145|4574|14406|5971|1534|566|253
29|1|4588|34|168856|173444|36977|48756|34311|2923|4465|2974|5922|16807|11985|2638|766|298
25|1|4512|15|130958|135470|42941|57771|14355|1225|1021|801|1641|8032|2274|626|197|59
27|5|4460|7|188414|192874|16244|50150|86468|830|3225|2364|884|7366|14018|5889|822|147
16|2|4183|46|131854|136037|25448|42479|33528|2392|2425|1403|2910|10420|7351|2815|502|135
30|15|4522|36|181271|185793|60562|42713|40612|2026|3219|2427|3168|11116|11739|2683|700|270
20|6|5360|65|123033|128393|12933|31130|44147|2583|5751|8465|1099|5017|8037|2895|690|221
30|4|2994|45|170793|173787|83149|34545|25424|1128|2248|2551|2300|9269|8271|1145|494|224
20|4|5170|49|123687|128857|26685|34535|35560|2607|4574|2949|2401|5279|6440|1949|467|192
32|1|3911|35|157990|161901|26509|58842|16133|5179|16355|1249|5547|18322|6318|2943|248|310
28|3|5240|302|218571|223811|92938|67221|26375|2057|3208|1989|4434|10740|7169|1487|432|219
19|3|2783|54|181797|184580|76456|44575|25090|1604|7926|1674|5543|9947|6838|1505|308|277
15|23|6647|34|182228|188875|40210|77631|27964|2144|3957|1045|3446|17824|4617|2940|271|145
11|14|5307|23|137043|142350|50456|40946|18937|4536|1637|4347|3303|8462|3113|858|315|110
16|11|4835|76|131737|136572|21839|41960|38427|2914|2029|1505|2804|9787|6939|2844|481|132
26|4|6203|63|155431|161634|44528|50317|30079|1885|4974|3166|2324|8169|7140|1835|617|334
1|3|4042|126|155344|159386|57346|44088|21684|2374|2917|2532|7353|9782|5659|927|366|190
26|6|4857|49|164106|168963|34741|57037|37722|1081|3612|2600|2103|12910|9519|1737|741|254
30|17|4967|67|191673|196640|81643|51479|25933|2120|2664|2087|2786|12808|7817|1560|488|221
19|12|5704|68|268039|273743|92540|93512|32557|2287|13182|2574|6940|14804|6848|1982|388|357
15|11|3081|118|158149|161230|25083|46116|40665|1571|3275|2766|4054|16970|14024|2433|787|287
14|8|2896|112|172736|175632|64429|45996|18813|1607|3028|11799|4093|13217|7383|630|1006|623
28|7|3573|54|183368|186941|80696|44472|28791|1604|2145|1788|3761|9020|8869|1486|521|161
23|1|4601|99|240885|245486|49877|56861|69470|4324|4728|3365|4414|19042|21738|5251|1297|419
3|2|2915|63|134365|137280|40464|41206|20105|1561|2782|2611|2635|12245|8227|1702|507|257
18|3|4087|46|160241|164328|35106|65619|22790|1785|5230|2355|2500|13275|8589|2170|457|319
22|1|7704|34|198159|205863|56049|84718|23368|4269|3138|4174|4543|11916|4478|948|367|157
24|6|4220|154|158042|162262|55533|33606|28521|2751|3072|2456|7180|12861|9600|1414|607|287
21|8|3601|31|128174|131775|26045|31632|23498|1537|7257|1994|1950|14631|13603|4835|631|530
7|7|6051|37|134595|140646|31637|31356|23816|17392|5399|1741|4472|9460|6021|2735|340|189
15|22|2498|87|134508|137006|39426|36820|26723|1234|2907|1487|2678|12088|8851|1643|374|190
13|1|7578|35|163502|171080|29982|67363|39478|1639|3316|1658|5964|6725|5069|1821|347|105
10|2|3234|68|182507|185741|54686|63399|24659|1867|4007|1884|4261|16477|8934|1663|382|220
9|27|2725|90|156772|159497|15665|29303|55847|1670|5659|3354|3113|11635|24372|4457|1084|523
22|4|4821|112|221930|226751|84711|63255|39181|1921|3842|3204|4614|11457|7630|1283|512|208
15|24|2565|78|125577|128142|25047|38499|27412|1392|2433|1566|2904|13662|9939|1962|505|178
9|6|3113|110|165969|169082|21983|31478|55575|1456|5390|3606|3375|12515|25151|3713|1150|467
20|10|5290|55|126585|131875|30983|30168|34472|9094|4072|2922|1162|6187|5224|1612|420|214
