ID_ESTADO|ID_DISTRITO|NUMERO_VOTOS_NULOS|NUM_VOTOS_CAN_NREG|NUMERO_VOTOS_VALIDOS|TOTAL_VOTOS|PAN|PRI|PRD|PVEM|PT|MC|PANAL|PRI_PVEM|PRD_PT_MC|PRD_PT|PRD_MC|PT_MC
15|1|6457|61|166300|172757|37172|76529|16443|4258|4533|4435|3839|14467|2889|1293|262|119
30|13|5968|98|179884|185852|85071|49569|17938|3836|1984|2077|3173|10170|4293|1003|555|117
30|1|4012|40|136112|140124|52383|50579|12208|3259|1520|977|2115|9592|2432|763|179|65
8|5|13203|99|160321|173524|53717|71364|13235|5616|2819|1396|8245||2554|953|206|117
18|3|13278|64|148759|162037|44720|62506|15442|4274|5026|1982|7259||5242|1754|267|223
14|2|6748|107|159465|166213|65424|54828|7381|6923|1141|7487|4515|10102|1027|249|145|136
15|2|5898|139|173007|178905|40296|55070|32613|5685|3474|8763|5634|12378|6847|1338|491|279
30|14|4655|77|151088|155743|41076|50539|31144|3297|3037|1890|2244|8818|6481|1987|384|114
9|17|7915|234|202385|210300|49747|33774|58843|8118|7475|4237|7621|10410|16526|4198|785|417
12|2|11596|73|150073|161669|17047|54154|51471|7309|4264|2064|4366||6209|2484|509|123
15|27|6292|122|185164|191456|44832|74198|22581|5080|9775|3626|5280|14273|3573|1344|294|186
15|17|4412|132|153627|158039|21179|42578|41958|5528|4024|3363|6857|13602|11265|2260|636|245
31|5|12618|38|201785|214403|82787|88843|15843|4339|3525|923|2913||1310|1038|156|70
14|4|6642|181|171121|177763|44491|61529|10216|6331|2984|21994|4842|13421|3687|444|509|492
11|13|11904|75|138831|150735|60743|30169|21880|11266|2204|1767|7888||1790|737|221|91
11|2|13407|49|126907|140314|57837|39422|10360|7895|2111|2497|5672||659|292|73|40
17|1|15433|218|170906|186339|48346|42173|43297|9358|5818|4273|5410||8809|2377|529|298
21|3|6518|52|144073|150591|49885|41533|14291|4561|6379|2074|4698|12678|5646|1720|274|282
15|15|5868|127|171371|177239|61380|41229|32853|4843|4323|2980|4686|10092|6681|1547|379|251
25|8|11905|82|120373|132278|33304|37983|12606|5868|3380|1862|19952||3956|1021|216|143
15|24|3413|107|123758|127171|26166|38337|26251|3942|2955|1902|3661|11152|6861|1918|350|156
15|10|5016|134|186767|191783|28073|55249|45797|7674|4307|3724|6748|18273|12828|3006|723|231
18|1|10212|23|124645|134857|30058|55536|19646|2660|2862|1179|6053||4638|1554|308|128
14|10|8604|117|174811|183415|63972|46581|10555|6362|2631|23041|4113|11785|4177|444|539|494
30|12|4544|121|161030|165574|81355|32758|19481|2968|2370|3640|2948|7500|6390|841|455|203
7|7|7988|39|131728|139716|29558|29042|19234|26636|5409|1781|8781|6023|3017|1945|170|93
3|2|10899|93|123148|134047|42876|46450|14735|3402|3070|2590|3238||4802|1405|298|189
15|3|6547|78|146888|153435|34150|67609|13220|4228|2150|4354|4382|13208|2364|605|355|185
15|28|6563|205|243062|249625|57944|81577|45447|7468|5453|5047|8099|19863|8747|2074|755|383
15|32|3895|83|138181|142076|12455|39082|43544|5095|3644|5694|4657|10921|9362|2554|874|216
20|5|8096|150|128604|136700|23696|40766|44170|2493|4146|3376|1711||5815|1739|441|101
21|4|8390|60|146612|155002|35794|48431|20318|3675|8683|1998|7290|12199|5181|2443|296|244
9|1|4344|86|136352|140696|16403|18886|52259|5026|6623|3615|4220|6584|17265|4248|723|414
5|7|10407|133|136114|146521|56625|49763|12087|4437|2745|1392|5799||2253|672|119|89
5|2|11165|68|166318|177483|61098|66515|17152|5237|3712|1873|5872||3231|1161|254|145
7|10|11491|96|151938|163429|28986|34447|20344|44645|3340|1717|8242|5379|2908|1548|187|99
15|34|5789|163|180234|186023|49189|67977|26046|4614|3094|1947|6486|15072|4061|1254|222|109
9|16|7213|165|189131|196344|39252|28207|60238|6908|7874|4819|7114|9280|18968|4776|1043|487
26|5|7485|78|134617|142102|57402|55606|10785|1436|3297|1416|1634||2120|596|123|124
9|21|5703|168|160171|165874|20022|27391|55896|6336|8440|4332|6164|8352|17366|4472|714|518
16|8|18547|121|128254|146801|34635|49572|20998|8767|2426|2407|4351||3618|945|302|112
20|2|8522|63|126599|135121|26098|44497|33908|2478|4543|8914|1008||3368|1128|400|194
16|4|11687|71|123741|135428|38533|43951|24668|5412|1667|1359|3122||3177|1418|293|70
8|3|10046|121|121116|131162|41605|34706|19248|7155|3247|2571|6443||4507|1042|303|168
9|19|4854|127|150522|155376|15788|20788|56363|5556|7857|4344|5024|7404|21236|4717|823|495
9|24|7540|239|184408|191948|53106|30615|54801|5146|8442|4446|4517|6836|12474|2855|496|435
19|12|15533|182|256949|272482|81167|116736|20963|5966|12776|2523|12295||2678|1281|176|206
9|14|5880|118|163943|169823|23498|22588|59417|5772|8668|4499|5170|7910|20267|4669|864|503
20|10|10800|67|120201|131001|34077|28898|30422|11497|4693|3256|1878||3515|1383|339|176
21|1|9225|106|156980|166205|41433|46774|23907|4467|7663|2665|5229|13169|8071|2665|493|338
11|10|11214|47|138038|149252|63094|36521|12438|13887|3014|1580|5545||1267|465|91|89
5|3|11630|74|167065|178695|71554|60124|15747|5178|3257|1741|5006||3259|844|179|102
9|7|5982|235|180355|186337|29795|32475|60578|6596|7663|4784|5442|10420|17603|3430|823|511
30|15|8021|95|177016|185037|61504|48076|32377|4692|3623|2555|4559|9850|6828|2228|443|186
11|11|13367|27|132119|145486|57822|49076|10717|6620|2339|853|2952||1053|539|65|56
17|3|12770|162|158260|171030|30757|38813|42427|15685|6145|6202|6955||8060|2025|615|414
15|36|6501|51|162092|168593|33780|65021|42566|2201|2840|683|1986|7640|2460|2593|211|60
10|3|14916|41|151613|166529|48114|77054|7191|3533|7133|844|3360||2695|1292|140|216
15|26|5902|94|185501|191403|48822|71643|23273|5475|3242|1958|6890|18156|4317|1291|229|111
12|9|14386|126|124136|138522|12069|36914|40985|4034|2938|8484|3185||11249|2450|1416|286
7|5|11542|103|157073|168615|14283|56236|29377|33980|3385|2046|3314|8386|4029|1585|250|99
12|1|9290|19|140047|149337|7404|56710|57316|4216|1709|5760|1342||3076|1953|436|106
13|1|13299|50|156723|170022|34500|67996|32583|2746|3628|1450|8878||3007|1517|271|97
10|1|12772|107|135856|148628|41360|69738|4369|2649|11083|513|2435||2250|1114|50|188
16|9|15228|115|130150|145378|30869|45190|30306|7861|3026|1621|4086||4585|2067|312|112
31|4|14821|132|189595|204416|91125|68306|13908|4916|2017|2103|4039||2181|602|177|89
12|8|13377|26|140463|153840|25043|37329|50007|10086|5823|1837|1911||4700|3169|435|97
21|6|6202|164|172812|179014|56752|32411|26927|4962|8202|3550|9964|13722|12470|2720|518|450
2|4|12133|59|146071|158204|43579|37428|26614|6845|9580|3563|7793||7475|2370|428|337
10|0|54455|312|625122|679577|209239|288429|35482|14183|38304|3978|13896||14362|5493|529|915
21|0|99943|1432|2365588|2465531|701815|601092|334720|67902|114444|42626|113262|198935|136274|40855|6490|5741
15|0|210565|5008|6656644|6867209|1317388|2144882|1438403|210733|182182|201433|213979|528431|304216|78413|22153|9423
30|4|5044|76|166420|171464|87397|38141|16685|2662|2209|2413|2577|8319|4686|800|291|164
15|30|3563|102|134261|137824|14496|35606|44447|4266|4161|5168|3922|9449|9504|2266|699|175
20|8|11244|287|169211|180455|50417|38744|43190|6134|5321|5735|6537||10041|1939|602|264
22|3|14124|127|197464|211588|85246|64603|21487|6859|4309|6121|4682||2948|692|253|137
11|7|14724|51|150601|165325|68833|55355|9626|9612|1138|944|3563||981|369|99|30
17|0|65575|836|780592|846167|175696|205647|200360|57887|31770|24781|30461||38257|10500|2890|1507
10|4|10982|98|169002|179984|65140|64794|7410|3531|16286|1115|3996||4452|1712|106|362
31|2|12075|98|198229|210304|78228|89742|12053|8413|2401|1288|3912||1401|506|117|70
21|16|7818|29|125921|133739|31094|48604|13890|2968|6307|1777|7144|7881|3947|1845|229|206
12|7|12411|55|146980|159391|11399|52058|51970|5891|3139|7358|3160||8472|2399|861|218
4|2|18518|55|160338|178856|56759|61006|18854|3093|3820|4344|4920||5012|1626|413|436
13|2|11107|54|152612|163719|35508|60653|29570|4735|5284|1603|7118||5124|2490|348|125
7|3|10623|36|161092|171715|21804|39826|26356|46704|3578|1717|12577|3412|3185|1619|178|100
8|4|10613|75|90946|101559|23182|31409|13495|6225|3769|1667|5206||4259|1270|229|160
14|11|5638|90|154896|160534|37394|51628|9610|5894|2812|24592|4811|12003|4456|414|610|582
7|8|12246|108|166817|179063|12285|39484|22590|64324|6298|1805|6728|6540|3660|2605|243|147
19|5|9853|71|114468|124321|31551|55982|6191|3322|9361|894|3933||1942|993|66|162
25|1|10281|31|123914|134195|42429|50239|8295|2079|872|692|17519||1094|492|127|45
16|3|13528|46|114636|128164|21700|41912|27578|6565|3699|1360|3719||4638|2973|342|104
2|7|16041|72|154884|170925|52136|50018|23480|7246|4651|2842|6137||6018|1692|404|188
31|1|10573|46|189737|200310|80768|86120|11828|3269|1215|687|4288||926|478|79|33
28|5|10981|74|169353|180334|53942|57137|14365|4724|5214|1970|26172||4211|1138|224|182
11|14|13046|54|127803|140849|50542|34975|18438|8733|2002|6384|3772||1775|765|235|128
15|37|4421|103|162586|167007|27830|47861|38864|6080|4418|7294|6291|12855|8176|1721|724|369
24|0|122112|1299|997296|1119408|362884|310149|113965|60621|39822|32731|43226||20270|8092|2347|1890
1|0|37955|516|450240|488195|159315|140055|36992|21765|10524|7037|62253||8644|2141|549|449
28|0|86773|722|1339788|1426561|549683|414170|142387|49052|23816|14485|104488||30327|7777|1848|1033
24|4|14711|63|129066|143777|38452|46219|15304|8040|5112|7047|4468||2528|1280|329|224
22|1|15295|47|188490|203785|58704|89007|14375|9680|3308|5921|5123||1438|624|180|83
30|0|118565|1676|3436244|3554809|1245205|1026460|553068|81089|60774|46654|67601|192741|117038|32928|8081|2929
21|8|4863|53|125886|130749|29317|31872|19775|3665|7641|2199|4090|12687|9525|4164|448|450
7|1|11960|49|186271|198231|21763|45282|36668|51216|8575|2380|2726|5539|7149|4291|413|220
15|35|6053|65|161151|167204|28262|64391|29840|4533|5796|5917|5279|11384|3581|1470|404|229
22|2|19275|93|192462|211737|76096|70096|19051|7412|5166|3855|6833||2710|856|166|128
16|12|9581|57|102290|111871|22023|40335|26162|3777|1760|812|1919||3328|1770|294|53
14|12|9855|569|249725|259580|60920|72009|17240|9883|3945|52180|7197|16491|6244|952|1104|991
26|3|8345|80|142579|150924|59176|59238|11935|1675|3085|1609|2534||2409|595|124|119
23|3|5309|224|128985|134294|36508|28585|33349|4895|2737|1874|3661|7909|6693|1996|411|143
22|4|15431|132|208766|224197|89468|70219|24549|6761|4184|5470|4064||2759|806|243|111
28|8|8288|90|155776|164064|77837|35721|19789|5636|1843|1778|7954||3929|850|240|109
30|20|5058|49|150037|155095|55854|50475|17995|3201|3272|1891|1983|9763|3899|1332|211|112
10|2|15785|66|168651|184436|54625|76843|16512|4470|3802|1506|4105||4965|1375|233|149
14|19|7051|67|168606|175657|46759|57855|20373|6104|3140|15013|7265|7898|2520|654|389|569
8|2|9333|36|78886|88219|19049|31306|11043|5183|2632|1342|3849||3045|976|226|199
15|14|4726|159|165264|169990|46816|42180|33699|4903|4337|2765|5371|12793|9529|1967|515|230
30|9|6744|59|169411|176155|56104|56601|26025|3776|3475|2040|3872|10072|5208|1643|390|146
28|3|12813|88|208782|221595|83357|71217|22844|7433|4048|2250|11951||3919|1248|278|149
23|2|5407|61|151061|156468|22437|52095|33085|4647|6274|2019|6357|11933|8070|3472|429|182
20|7|10171|105|142463|152634|25296|52406|43100|2654|6832|3604|1556||4395|2014|403|98
15|6|5257|129|195684|200941|39895|53495|51672|6816|4428|3714|7562|14440|10029|2643|632|229
5|4|13014|60|143017|156031|48260|60956|13148|5939|3045|1465|6420||2634|788|162|140
21|2|6454|38|144184|150638|35874|45574|16713|4727|5736|1679|7048|17584|6191|2373|380|267
17|5|12408|102|146251|158659|32673|37255|35912|10943|8171|5089|6816||6502|1902|592|294
9|27|5150|134|153760|158910|17979|26005|54815|6582|7518|4452|6602|8525|15997|4059|670|422
7|11|10350|55|160652|171002|28831|43085|27388|35469|6290|1360|2736|8404|3565|3175|196|98
31|3|16660|154|202410|219070|93249|72477|16361|5820|2682|2696|4958||2978|675|224|136
24|5|15742|418|151101|166843|74636|32043|16920|9606|3365|2935|6600||3369|823|204|182
9|11|5355|181|155047|160402|25373|25866|54608|5128|6909|4353|4843|7992|15315|3308|714|457
19|1|9065|76|161772|170837|79373|50834|10534|4125|5085|2369|6292||2185|648|113|138
32|3|6152|120|157960|164112|25776|61733|23429|7765|9136|1923|6208|15221|4124|2086|289|150
25|5|13205|136|159699|172904|27565|58674|23875|4569|6557|3594|26757||5998|1346|377|251
27|3|5747|30|180562|186309|5701|59211|79870|2324|2308|1979|2167|7704|12381|6115|680|92
21|10|5970|120|163561|169531|62198|29908|23482|4405|7193|3713|7842|10903|10431|2406|536|424
14|14|6748|116|162983|169731|49437|46904|9620|6713|2733|25021|4214|12529|4101|419|598|578
32|4|6447|111|166968|173415|25962|64922|24974|8587|8520|1656|7233|17255|4818|2488|231|211
29|1|16562|73|155913|172475|53205|42843|26985|7190|5274|3124|7973||6533|2003|465|245
19|11|9237|62|143453|152690|52027|59577|10784|3584|5218|1316|7310||2370|953|117|135
15|13|3909|126|143283|147192|20186|41513|37901|4817|3749|2778|4980|13500|10556|2301|625|251
20|6|9993|104|117628|127621|15482|30628|39999|3755|6594|9116|2528||6028|2634|530|230
16|7|11401|81|127108|138509|28843|41215|34440|7171|3686|1643|3105||4216|2281|326|101
30|19|5594|45|145941|151535|53835|43320|21637|3783|2450|1492|2517|9817|4917|1605|388|135
15|22|3984|99|134022|138006|42677|35940|25423|3618|3217|1873|3563|9807|5919|1468|289|129
15|29|3557|90|132741|136298|14509|36864|41774|3938|3624|5345|4005|10170|9528|1904|761|229
21|9|5898|113|168374|174272|59300|29604|26090|4696|7538|3931|9170|11591|12975|2355|536|475
21|7|5399|52|134896|140295|28695|33596|22458|4048|6751|2202|8928|13967|9822|3629|420|328
14|13|6569|115|166966|173535|47550|53423|10334|6139|2752|24638|4707|11931|3929|405|508|535
27|2|5319|39|155136|160455|4674|53781|65393|1844|1847|1303|1504|7837|10640|5592|613|69
13|4|10419|77|136026|146445|42274|52668|20536|4452|2749|1254|7011||3372|1276|259|98
30|10|6551|142|175706|182257|48796|37449|46894|4510|5015|3963|5726|8388|11202|2698|651|272
26|2|11308|85|146510|157818|54938|60704|14771|3448|3950|2482|2340||2496|784|280|232
12|3|11263|24|140635|151898|4897|48723|61924|2571|2775|4075|3676||7670|3333|766|201
20|4|10055|68|117875|127930|30244|32728|31569|4538|5402|3019|3839||4248|1660|338|222
28|6|10359|39|155224|165583|63752|59710|10481|5110|1652|1094|10314||2133|687|155|97
32|0|23403|369|632107|655510|112367|241223|84697|31504|43485|5905|24575|60202|16945|9176|885|774
26|7|10826|47|150735|161561|59341|53905|23991|1705|2562|1237|2258||3428|1907|229|125
14|7|5922|110|158844|164766|38936|55608|9630|6918|3755|19764|5460|13145|4080|506|458|474
19|2|10139|60|169037|179176|53417|79066|12302|5387|5451|1411|8425||2453|833|91|141
14|1|5901|68|167559|173460|48547|64044|14988|4561|4626|13430|5966|8327|1405|396|265|936
3|1|9331|60|106619|115950|38998|41766|11143|1667|2784|1969|2583||4094|1189|221|145
14|18|7235|57|176517|183752|59977|58664|14520|4718|1933|17376|9109|6931|1979|473|416|364
30|7|5347|64|152249|157596|56560|47788|18646|4016|2513|1571|4883|10061|4461|1315|275|96
2|8|14145|94|168890|183035|51768|46425|34350|7897|5408|5009|6425||8241|2276|723|274
13|6|11700|144|175470|187170|62605|55243|25973|5419|3856|2485|9824||7327|1790|478|326
27|0|33887|337|1049235|1083122|57554|340305|421525|15691|18363|19121|11555|49898|78938|30315|4811|822
5|0|82843|587|1094348|1177191|425569|410774|113738|37271|23401|12075|39170||22908|6519|1357|979
15|21|4447|130|147030|151477|45914|40993|26690|4376|3256|2090|4175|11506|5752|1588|365|195
9|18|4861|156|152307|157168|20171|25272|52977|5846|7412|4479|5246|8484|17482|3639|748|395
8|0|119225|946|1207844|1327069|365278|491850|132916|63799|29597|15968|63160||31307|9313|2266|1444
24|2|17394|184|142913|160307|45380|41257|22804|11994|4723|3060|7998||3305|1568|299|341
3|0|20230|153|229767|249997|81874|88216|25878|5069|5854|4559|5821||8896|2594|519|334
18|0|35550|152|429125|464675|119006|172399|56099|11066|12444|6260|28012||17271|4781|989|646
26|0|71623|455|1019257|1090880|381405|408175|121208|16467|27439|14723|17894||20925|7630|1684|1252
13|3|12198|48|166133|178331|34245|66823|30232|4495|5905|1806|13472||6214|2365|351|177
9|23|6865|181|187852|194717|37847|24439|69918|4999|9589|5584|4682|6171|18602|4392|818|630
14|9|6182|107|155984|162166|40672|52305|9450|6092|3274|21799|4844|11954|3901|494|522|570
2|1|13292|66|126228|139520|47036|42916|14908|5339|1864|2136|6557||3921|929|391|165
18|2|12060|65|155721|167781|44228|54357|21011|4132|4556|3099|14700||7391|1473|414|295
12|4|14338|80|134841|149179|12928|36265|42728|4997|3311|12424|4023||13718|2245|1714|408
15|19|4666|115|156315|160981|35349|42244|37846|4831|4308|2586|4846|12656|8731|2089|461|253
14|8|7447|144|166787|174234|56971|51293|10584|4736|2680|21150|4117|10701|3214|328|439|430
24|6|15637|362|145716|161353|61514|31468|20606|10329|3733|3609|8246||4333|1037|312|167
11|9|15157|124|153237|168394|69681|59847|8670|5665|1690|1572|3983||1396|434|111|64
30|16|6549|127|180912|187461|74294|46883|27778|3763|2929|3232|3959|9100|6607|1594|459|187
6|2|4076|49|128990|133066|48961|52331|9425|4179|2621|1156|1616|6206|1604|641|137|64
12|6|13025|140|154504|167529|13306|58401|48384|6167|8119|10027|2902||3840|2129|877|212
7|2|9165|80|150670|159835|14389|53994|31820|27330|5302|800|10059|2736|1919|2096|88|57
25|2|11527|53|160230|171757|61159|43848|16592|5044|1996|1546|25010||3548|1019|302|113
16|1|10332|99|114986|125318|17688|42313|35256|4252|2487|1344|2783||5849|2378|417|120
30|3|4505|72|144464|148969|50900|51787|16642|4595|2105|1250|3133|9201|3438|989|232|120
24|3|16997|100|135316|152313|51376|55908|7880|4765|6469|2073|4129||1609|694|146|167
27|4|4856|77|174207|179063|7345|46226|72045|2976|4187|4307|2114|9175|19285|5160|1095|215
9|5|6377|180|163022|169399|46760|26008|47865|4827|8215|4164|4056|5531|11793|2660|538|425
32|2|5726|82|152038|157764|37684|57998|21797|6730|4442|1228|5201|12088|2889|1560|215|124
21|15|5506|107|140349|145855|39958|36496|19392|4538|7255|2600|6760|12286|7870|2435|343|309
21|14|5300|47|121498|126798|20983|38434|21813|3388|5777|2252|4599|12124|8391|2959|434|297
9|20|6162|132|177948|184110|32650|29048|55824|6274|10864|5287|6340|8435|17521|4168|697|708
1|3|11557|178|145382|156939|62656|43277|12223|6092|2481|2192|12833||2564|600|174|112
15|4|5478|90|193902|199380|41792|54714|42207|5990|4520|6839|7230|16131|10726|2675|720|268
2|6|13969|73|144294|158263|47371|40444|27036|6629|3959|4171|5418||6743|1694|507|249
5|1|11033|64|142291|153324|56175|56985|11858|5570|2585|1554|4198||2276|689|185|152
29|2|13008|87|167686|180694|43929|42125|38184|6792|8789|4518|8753||10696|2873|576|364
8|8|15365|124|160222|175587|55958|60506|13639|9782|3962|1716|10155||3013|950|258|159
11|12|15973|112|151008|166981|69990|47749|12626|8027|2362|2131|5486||1898|395|152|80
9|25|5619|167|162497|168116|22452|22537|58808|6494|9104|4779|5373|7374|19308|4679|775|647
23|1|7149|153|236523|243672|45876|68659|58597|10941|5216|3429|5830|18105|14185|4320|914|298
11|0|213418|1352|2087535|2300953|955749|681429|159768|133127|29226|27177|73821||17358|6070|1550|908
7|0|130276|1127|1889707|2019983|294502|482026|313387|457724|59040|22844|83684|94164|50335|26533|2867|1474
6|0|10178|171|289631|299809|103875|117179|22802|8886|8792|2981|5008|14018|3962|1457|278|222
9|0|167755|4738|4655650|4823405|924732|758910|1512580|159429|217417|124002|144322|224607|449788|102150|20057|12918
30|5|4798|86|147728|152526|50884|48596|21437|3513|2448|1597|4419|8717|4306|1307|280|138
20|11|10165|47|143335|153500|20892|47619|52112|3433|5012|3590|1793||5666|2615|409|147
15|25|3889|61|141004|144893|16364|44083|36622|5103|3401|3051|4821|14457|9917|2343|606|175
15|11|4465|165|156147|160612|25949|46637|38972|5611|3976|3240|5487|13585|9512|2168|601|244
19|6|8340|121|139708|148048|65356|45223|10845|3041|5002|1548|5521||2105|696|132|118
14|6|8672|200|195370|204042|69983|62947|10952|6174|2556|20260|4419|13039|3557|409|471|403
19|3|10192|78|173037|183229|69485|66124|13741|4226|6688|1657|7236||2625|951|96|130
13|5|13062|88|172007|185069|37873|65424|35897|9522|3209|2297|6867||7700|2460|508|162
9|2|6306|188|173790|180096|46122|29941|50462|5534|7472|4244|4878|8042|13114|2807|627|359
20|1|9525|58|142743|152268|44288|43021|29213|3710|4328|6966|2816||6343|1293|497|210
1|2|14553|251|165333|179886|54480|50217|16450|8508|4163|3368|22429||4168|869|254|176
30|17|6069|79|189881|195950|85508|53903|20119|4058|2795|1940|3341|11491|4855|1307|336|149
30|11|5504|122|176161|181665|32465|52230|51971|3607|2903|2263|2819|11817|12112|3010|670|172
14|15|6631|66|159794|166425|52236|56831|12819|6241|5112|9524|4625|8877|1865|505|302|791
19|0|120661|995|1882937|2003598|725086|742444|136331|44922|78565|18377|96704||26562|10020|1251|1680
12|0|110342|583|1286653|1396995|119106|429201|461766|47514|46980|60644|26498||61994|22953|7497|1917
16|0|164006|1136|1475335|1639361|360556|519973|339532|78194|31828|19392|43545||51921|23856|4183|1239
2|0|103536|718|1141398|1244934|390622|326336|195424|49469|37475|26241|47723||48249|13690|3693|1758
16|6|15655|41|120078|135733|30223|42919|24460|6480|2310|1481|4707||4709|2182|444|122
14|16|6534|114|173204|179738|46328|56385|9818|7121|2651|26441|4960|13453|4278|479|607|569
30|2|5895|67|170021|175916|65326|62279|22102|4464|3314|744|2272|6509|1811|968|123|42
11|5|20373|112|176380|196753|90254|58287|7384|11158|1538|1386|5025||874|231|78|53
27|5|5926|78|185389|191315|15002|61001|75339|2536|3426|2357|2072|7070|10446|5301|608|153
16|10|18421|242|139417|157838|46600|49399|20230|8708|2787|2544|4381||3206|913|268|139
30|6|4304|36|139654|143958|47019|43698|22917|4093|2905|3367|2697|6735|4401|1269|417|100
19|7|7892|69|120349|128241|47622|45525|9906|2497|4910|1344|5289||2258|725|91|113
25|7|13187|74|132629|145816|23456|50797|16022|4202|4121|2467|25805||4269|948|281|187
9|13|5523|140|155272|160795|26064|26768|53031|5179|7057|4127|5100|8250|15144|3343|678|391
6|1|6102|122|160641|166743|54914|64848|13377|4707|6171|1825|3392|7812|2358|816|141|158
21|12|6351|184|178983|185334|64703|33509|28120|4757|8513|3815|9245|11493|11451|2266|465|462
9|10|7712|214|204725|212437|64695|37476|54038|6149|6577|4273|5167|8741|13657|2739|609|390
16|11|13489|95|122511|136000|21518|40362|38337|6254|2381|1677|3584||5093|2690|419|101
15|38|5271|425|167051|172322|18081|44875|40607|5649|3854|20091|5868|13223|10588|1886|1299|605
15|12|6769|182|204693|211462|33870|59349|54451|8525|4557|6750|7599|14737|11157|2302|885|329
15|8|3685|87|134909|138594|21809|41306|33603|4557|3135|3738|4938|11762|7474|1753|537|210
15|39|5024|110|165590|170614|14623|51262|48403|6366|3907|6549|6014|14855|10003|2462|778|258
17|4|11191|115|144432|155623|27925|44377|34897|10694|7459|5954|3740||6467|1841|642|321
9|15|9666|276|231659|241325|88085|38906|55438|6143|10245|5293|4901|8071|10863|2397|591|450
28|4|11774|72|149147|160921|58284|49813|14299|7597|2655|1889|9842||3665|724|161|146
4|0|36084|123|342654|378738|110393|138867|37242|6675|7105|11703|15937||10101|2631|901|976
31|0|66747|468|981756|1048503|426157|405488|69993|26757|11840|7697|20110||8796|3299|753|398
22|0|64125|399|787182|851307|309514|293925|79462|30712|16967|21367|20702||9855|2978|842|459
23|0|17865|438|516569|534434|104821|149339|125031|20483|14227|7322|15848|37947|28948|9788|1754|623
20|0|110755|1246|1480258|1591241|338642|440892|417156|50600|55630|55576|31008||62735|20167|4850|1984
1|1|11845|87|139525|151370|42179|46561|8319|7165|3880|1477|26991||1912|672|121|161
21|5|5376|68|138503|143879|35323|38865|17386|5193|6493|2369|8894|13980|7078|2171|331|352
26|4|11918|40|150477|162395|48289|54210|23231|3214|6775|3690|4703||4134|1459|369|363
15|16|5000|141|167454|172454|24476|52518|40968|6090|4618|3102|6072|15409|10325|2899|616|220
25|4|9839|48|116621|126460|19244|43245|15951|2977|1165|936|29726||2176|870|224|59
7|4|11199|91|159215|170414|30127|38810|21927|38070|4083|2089|11414|7061|3539|1658|224|122
30|8|6136|89|193905|200041|68984|55284|33397|4922|4260|3115|3723|9906|7398|2113|526|188
27|6|6484|76|196422|202906|10102|62210|75659|3659|3475|4392|2296|10885|17404|5111|1028|125
26|1|9439|40|138889|148328|62856|50386|13007|2775|2973|1627|2074||1840|1038|192|81
17|2|13773|239|160743|174516|35995|43029|43827|11207|4177|3263|7540||8419|2355|512|180
25|3|13214|47|139392|152606|35190|55462|14202|3420|2506|1749|22655||2986|804|245|126
8|9|15363|111|133759|149122|34003|79145|6586|3767|1724|710|6061||1039|449|100|64
15|20|3584|133|135630|139214|18731|36099|41541|3910|3701|4984|3804|10101|9867|1853|648|258
26|6|12302|85|155450|167752|39403|74126|23488|2214|4797|2662|2351||4498|1251|367|208
32|1|5078|56|155141|160219|22945|56570|14497|8422|21387|1098|5933|15638|5114|3042|150|289
4|1|17566|68|182316|199882|53634|77861|18388|3582|3285|7359|11017||5089|1005|488|540
14|3|8064|116|163221|171285|65270|62333|4095|6104|1097|11577|3696|7608|839|159|156|171
9|4|5309|132|160944|166253|24183|22803|55362|5915|10379|5030|5059|7095|19153|4471|716|646
7|6|12576|128|164167|176743|30216|38089|27054|38219|4332|2259|5607|11178|4667|2053|255|110
7|9|12719|249|155075|167794|23961|24223|33996|29713|4893|3135|6808|16359|8621|2486|429|202
2|2|11938|129|129166|141104|56073|38621|15153|4582|1657|2143|5767||3723|855|328|135
25|6|10913|79|126123|137036|35840|49543|10421|2890|1568|963|22403||1665|589|110|52
13|0|86303|502|1131195|1217498|287814|436977|201987|38186|28658|13484|65495||40155|14035|2683|1219
9|12|6387|183|171081|177468|34630|31409|51463|6277|7489|4757|4977|10635|15152|2962|734|413
29|3|13727|50|150744|164471|44134|38019|31163|4847|6007|4290|8004||10615|2666|628|321
29|0|43297|210|474343|517640|141268|122987|96332|18829|20070|11932|24730||27844|7542|1669|930
14|0|133400|2556|3276373|3409773|991176|1082138|220772|119312|56195|402273|101863|208803|62563|8795|9400|10527
28|2|11426|119|162218|173644|62694|50008|20170|6948|3904|2451|9811||4589|1099|272|153
14|5|6545|112|175059|181604|47099|54392|16189|4901|2812|27272|5900|8705|5161|643|1035|838
8|1|17161|166|157922|175083|35466|58711|24526|12357|5247|2971|8917||7207|1699|385|270
11|8|13161|62|172132|185293|81742|50911|12594|11071|2958|2377|8041||1721|462|122|71
11|6|21034|183|171550|192584|83362|58369|7915|11432|1697|1339|5611||1183|335|66|58
14|17|6412|100|175461|181873|49210|62579|12398|7397|3561|19714|7103|9903|2143|422|327|604
15|5|6154|90|204055|210209|36033|68138|45818|7067|7560|8066|6063|14385|7515|2358|593|369
9|3|6707|168|181707|188414|37484|31803|57577|6020|7187|4986|5882|8908|17041|3424|777|450
21|11|6426|185|178279|184705|69786|30448|24815|4869|8440|3609|8307|13122|11288|2412|461|537
13|7|14518|41|172224|186742|40809|68170|27196|6817|4027|2589|12325||7411|2137|468|234
24|7|21606|50|155534|177140|47492|52687|21547|7016|6254|7637|8001||2527|1203|779|341
27|1|5555|37|157519|163074|14730|57876|53219|2352|3120|4783|1402|7227|8782|3036|787|168
20|9|11070|148|133187|144257|36739|36895|34517|5152|4081|3393|3929||6072|1697|406|158
20|3|11114|149|138412|149526|31413|44690|34956|4756|4490|4607|3413||7204|2065|485|184
9|8|6555|186|184951|191506|38534|33967|56852|6204|7941|5029|5437|9974|16311|3223|845|448
15|18|6348|138|196202|202550|54950|63702|34109|5875|8322|2828|5075|12797|5902|1939|368|197
19|10|8884|95|132992|141876|62055|42786|11805|2944|3747|1620|4864||2128|708|100|140
11|4|16086|150|154995|171081|65422|58681|10682|8903|2517|1899|5067||1126|383|93|72
15|9|7371|75|175640|183011|31161|77119|14990|6190|7403|11903|5373|15892|3796|905|574|259
9|22|4698|124|148726|153424|13013|19373|56005|5702|8522|4510|4870|7455|22141|5577|873|561
19|4|7909|71|155638|163547|79484|42840|12036|3823|5397|1346|7282||2321|806|103|129
5|5|13349|62|161474|174823|57070|63452|18464|5958|3737|1740|5388||4126|1100|234|143
16|2|13470|90|121742|135212|25150|41155|32548|5955|2802|1473|3672||5698|2635|455|109
15|31|3606|113|131220|134826|12947|35138|44427|3804|3099|5202|4084|9421|9913|2046|809|217
15|40|6106|123|158878|164984|34160|65528|24951|4655|5478|3464|4344|12168|2408|1313|194|92
5|6|12245|126|178069|190314|74787|52979|25282|4952|4320|2310|6487||5129|1265|224|208
8|7|14897|93|140726|155623|34339|65431|17345|6555|3737|1938|6163||3278|1293|359|195
9|9|5769|154|164428|170197|26559|30319|55304|5209|6085|4444|5020|10407|16386|3261|855|425
21|13|4247|54|124677|128924|40720|35033|15343|2983|5873|2193|4054|9549|5937|2292|326|320
15|33|6806|178|198628|205434|28005|65395|42809|6515|6650|18134|6106|13714|7950|1719|976|477
7|12|8417|93|145009|153426|38299|39508|16633|21418|3555|1755|4692|13147|4076|1472|234|127
28|1|11480|147|162281|173761|75207|43179|13447|4590|1795|1206|18993||2722|743|173|79
11|3|21897|212|175054|196951|86190|59213|8264|10809|1663|1315|6038||942|280|95|33
15|23|8088|86|180172|188260|41158|71599|29250|4759|6131|1750|4893|14235|3110|2858|200|143
19|8|8377|56|147806|156183|58629|57286|11289|3531|4731|1381|7447||2408|810|92|146
15|7|5785|197|197180|202965|51907|50234|43927|5798|6762|3736|7009|13902|10493|2440|493|282
30|18|7663|64|164335|171998|48277|51486|36759|4749|2747|2451|2673|8044|4595|1991|392|107
12|5|10656|40|154974|165630|15013|48647|56981|2243|14902|8615|1933||3060|2791|483|266
28|7|9652|93|177007|186659|74610|47385|26992|7014|2705|1847|9451||5159|1288|345|118
11|1|12075|94|118880|130955|50237|42854|8174|8049|1993|1133|5178||693|383|49|43
8|6|13244|121|163946|177190|67959|59272|13799|7159|2460|1657|8121||2405|681|200|112
2|3|11343|84|136934|148277|41733|39146|28118|4933|6019|2695|5242||6124|2228|416|196
2|5|10675|141|134931|145606|50926|31338|25765|5998|4337|3682|4384||6004|1646|496|214
30|21|5604|68|164289|169893|41613|55019|38916|3325|2900|2186|1968|8871|6718|2165|424|116
16|5|12667|78|130422|143089|42774|41650|24529|6992|2797|1671|4116||3804|1604|311|96
9|26|7830|331|195151|202981|51150|34511|55308|6013|9111|4644|5411|8481|14987|4092|649|463
25|0|94071|550|1078981|1173052|278187|389791|117964|31049|22165|13809|189827||25692|7089|1882|976
9|6|5470|139|163516|168986|23370|27735|58530|5476|6699|4491|5206|8840|18116|3584|872|458
