ID_ESTADO|ID_DISTRITO|NUMERO_VOTOS_NULOS|NUM_VOTOS_CAN_NREG|NUMERO_VOTOS_VALIDOS|TOTAL_VOTOS|PAN|PRI|PVEM|PANAL|PRI_PVEM|PRD_PT_MC
15|1|6457|61|166300|172757|37172|||3839|95254|29974
30|13|5968|98|179884|185852|85071|||3173|63575|27967
30|1|4012|40|136112|140124|52383|||2115|63430|18144
8|5|13203|99|160321|173524|53717|71364|5616|8245||21280
18|3|13278|64|148759|162037|44720|62506|4274|7259||29936
14|2|6748|107|159465|166213|65424|||4515|71853|17566
15|2|5898|139|173007|178905|40296|||5634|73133|53805
30|14|4655|77|151088|155743|41076|||2244|62654|45037
9|17|7915|234|202385|210300|49747|||7621|52302|92481
12|2|11596|73|150073|161669|17047|54154|7309|4366||67124
15|27|6292|122|185164|191456|44832|||5280|93551|41379
15|17|4412|132|153627|158039|21179|||6857|61708|63751
31|5|12618|38|201785|214403|82787|88843|4339|2913||22865
14|4|6642|181|171121|177763|44491|||4842|81281|40326
11|13|11904|75|138831|150735|60743|30169|11266|7888||28690
11|2|13407|49|126907|140314|57837|39422|7895|5672||16032
17|1|15433|218|170906|186339|48346|42173|9358|5410||65401
21|3|6518|52|144073|150591|49885|||4698|58772|30666
15|15|5868|127|171371|177239|61380|||4686|56164|49014
25|8|11905|82|120373|132278|33304|37983|5868|19952||23184
15|24|3413|107|123758|127171|26166|||3661|53431|40393
15|10|5016|134|186767|191783|28073|||6748|81196|70616
18|1|10212|23|124645|134857|30058|55536|2660|6053||30315
14|10|8604|117|174811|183415|63972|||4113|64728|41881
30|12|4544|121|161030|165574|81355|||2948|43226|33380
7|7|7988|39|131728|139716|29558|||8781|61701|31649
3|2|10899|93|123148|134047|42876|46450|3402|3238||27089
15|3|6547|78|146888|153435|34150|||4382|85045|23233
15|28|6563|205|243062|249625|57944|||8099|108908|67906
15|32|3895|83|138181|142076|12455|||4657|55098|65888
20|5|8096|150|128604|136700|23696|40766|2493|1711||59788
21|4|8390|60|146612|155002|35794|||7290|64305|39163
9|1|4344|86|136352|140696|16403|||4220|30496|85147
5|7|10407|133|136114|146521|56625|49763|4437|5799||19357
5|2|11165|68|166318|177483|61098|66515|5237|5872||27528
7|10|11491|96|151938|163429|28986|||8242|84471|30143
15|34|5789|163|180234|186023|49189|||6486|87663|36733
9|16|7213|165|189131|196344|39252|||7114|44395|98205
26|5|7485|78|134617|142102|57402|55606|1436|1634||18461
9|21|5703|168|160171|165874|20022|||6164|42079|91738
16|8|18547|121|128254|146801|34635|49572|8767|4351||30808
20|2|8522|63|126599|135121|26098|44497|2478|1008||52455
16|4|11687|71|123741|135428|38533|43951|5412|3122||32652
8|3|10046|121|121116|131162|41605|34706|7155|6443||31086
9|19|4854|127|150522|155376|15788|||5024|33748|95835
9|24|7540|239|184408|191948|53106|||4517|42597|83949
19|12|15533|182|256949|272482|81167|116736|5966|12295||40603
9|14|5880|118|163943|169823|23498|||5170|36270|98887
20|10|10800|67|120201|131001|34077|28898|11497|1878||43784
21|1|9225|106|156980|166205|41433|||5229|64410|45802
11|10|11214|47|138038|149252|63094|36521|13887|5545||18944
5|3|11630|74|167065|178695|71554|60124|5178|5006||25129
9|7|5982|235|180355|186337|29795|||5442|49491|95392
30|15|8021|95|177016|185037|61504|||4559|62618|48240
11|11|13367|27|132119|145486|57822|49076|6620|2952||15622
17|3|12770|162|158260|171030|30757|38813|15685|6955||65888
15|36|6501|51|162092|168593|33780|||1986|74862|51413
10|3|14916|41|151613|166529|48114|77054|3533|3360||19511
15|26|5902|94|185501|191403|48822|||6890|95274|34421
12|9|14386|126|124136|138522|12069|36914|4034|3185||67808
7|5|11542|103|157073|168615|14283|||3314|98602|40771
12|1|9290|19|140047|149337|7404|56710|4216|1342||70356
13|1|13299|50|156723|170022|34500|67996|2746|8878||42553
10|1|12772|107|135856|148628|41360|69738|2649|2435||19567
16|9|15228|115|130150|145378|30869|45190|7861|4086||42029
31|4|14821|132|189595|204416|91125|68306|4916|4039||21077
12|8|13377|26|140463|153840|25043|37329|10086|1911||66068
21|6|6202|164|172812|179014|56752|||9964|51095|54837
2|4|12133|59|146071|158204|43579|37428|6845|7793||50367
10|0|54455|312|625122|679577|209239|288429|14183|13896||99063
21|0|99943|1432|2365588|2465531|701815|||113262|867929|681150
15|0|210565|5008|6656644|6867209|1317388|||213979|2884046|2236223
30|4|5044|76|166420|171464|87397|||2577|49122|27248
15|30|3563|102|134261|137824|14496|||3922|49321|66420
20|8|11244|287|169211|180455|50417|38744|6134|6537||67092
22|3|14124|127|197464|211588|85246|64603|6859|4682||35947
11|7|14724|51|150601|165325|68833|55355|9612|3563||13187
17|0|65575|836|780592|846167|175696|205647|57887|30461||310065
10|4|10982|98|169002|179984|65140|64794|3531|3996||31443
31|2|12075|98|198229|210304|78228|89742|8413|3912||17836
21|16|7818|29|125921|133739|31094|||7144|59453|28201
12|7|12411|55|146980|159391|11399|52058|5891|3160||74417
4|2|18518|55|160338|178856|56759|61006|3093|4920||34505
13|2|11107|54|152612|163719|35508|60653|4735|7118||44544
7|3|10623|36|161092|171715|21804|||12577|89942|36733
8|4|10613|75|90946|101559|23182|31409|6225|5206||24849
14|11|5638|90|154896|160534|37394|||4811|69525|43076
7|8|12246|108|166817|179063|12285|||6728|110348|37348
19|5|9853|71|114468|124321|31551|55982|3322|3933||19609
25|1|10281|31|123914|134195|42429|50239|2079|17519||11617
16|3|13528|46|114636|128164|21700|41912|6565|3719||40694
2|7|16041|72|154884|170925|52136|50018|7246|6137||39275
31|1|10573|46|189737|200310|80768|86120|3269|4288||15246
28|5|10981|74|169353|180334|53942|57137|4724|26172||27304
11|14|13046|54|127803|140849|50542|34975|8733|3772||29727
15|37|4421|103|162586|167007|27830|||6291|66796|61566
24|0|122112|1299|997296|1119408|362884|310149|60621|43226||219117
1|0|37955|516|450240|488195|159315|140055|21765|62253||66336
28|0|86773|722|1339788|1426561|549683|414170|49052|104488||221673
24|4|14711|63|129066|143777|38452|46219|8040|4468||31824
22|1|15295|47|188490|203785|58704|89007|9680|5123||25929
30|0|118565|1676|3436244|3554809|1245205|||67601|1300290|821472
21|8|4863|53|125886|130749|29317|||4090|48224|44202
7|1|11960|49|186271|198231|21763|||2726|102037|59696
15|35|6053|65|161151|167204|28262|||5279|80308|47237
22|2|19275|93|192462|211737|76096|70096|7412|6833||31932
16|12|9581|57|102290|111871|22023|40335|3777|1919||34179
14|12|9855|569|249725|259580|60920|||7197|98383|82656
26|3|8345|80|142579|150924|59176|59238|1675|2534||19876
23|3|5309|224|128985|134294|36508|||3661|41389|47203
22|4|15431|132|208766|224197|89468|70219|6761|4064||38122
28|8|8288|90|155776|164064|77837|35721|5636|7954||28538
30|20|5058|49|150037|155095|55854|||1983|63439|28712
10|2|15785|66|168651|184436|54625|76843|4470|4105||28542
14|19|7051|67|168606|175657|46759|||7265|71857|42658
8|2|9333|36|78886|88219|19049|31306|5183|3849||19463
15|14|4726|159|165264|169990|46816|||5371|59876|53042
30|9|6744|59|169411|176155|56104|||3872|70449|38927
28|3|12813|88|208782|221595|83357|71217|7433|11951||34736
23|2|5407|61|151061|156468|22437|||6357|68675|53531
20|7|10171|105|142463|152634|25296|52406|2654|1556||60446
15|6|5257|129|195684|200941|39895|||7562|74751|73347
5|4|13014|60|143017|156031|48260|60956|5939|6420||21382
21|2|6454|38|144184|150638|35874|||7048|67885|33339
17|5|12408|102|146251|158659|32673|37255|10943|6816||58462
9|27|5150|134|153760|158910|17979|||6602|41112|87933
7|11|10350|55|160652|171002|28831|||2736|86958|42072
31|3|16660|154|202410|219070|93249|72477|5820|4958||25752
24|5|15742|418|151101|166843|74636|32043|9606|6600||27798
9|11|5355|181|155047|160402|25373|||4843|38986|85664
19|1|9065|76|161772|170837|79373|50834|4125|6292||21072
32|3|6152|120|157960|164112|25776|||6208|84719|41137
25|5|13205|136|159699|172904|27565|58674|4569|26757||41998
27|3|5747|30|180562|186309|5701|||2167|69239|103425
21|10|5970|120|163561|169531|62198|||7842|45216|48185
14|14|6748|116|162983|169731|49437|||4214|66146|43070
32|4|6447|111|166968|173415|25962|||7233|90764|42898
29|1|16562|73|155913|172475|53205|42843|7190|7973||44629
19|11|9237|62|143453|152690|52027|59577|3584|7310||20893
15|13|3909|126|143283|147192|20186|||4980|59830|58161
20|6|9993|104|117628|127621|15482|30628|3755|2528||65131
16|7|11401|81|127108|138509|28843|41215|7171|3105||46693
30|19|5594|45|145941|151535|53835|||2517|56920|32624
15|22|3984|99|134022|138006|42677|||3563|49365|38318
15|29|3557|90|132741|136298|14509|||4005|50972|63165
21|9|5898|113|168374|174272|59300|||9170|45891|53900
21|7|5399|52|134896|140295|28695|||8928|51611|45610
14|13|6569|115|166966|173535|47550|||4707|71493|43101
27|2|5319|39|155136|160455|4674|||1504|63462|85457
13|4|10419|77|136026|146445|42274|52668|4452|7011||29544
30|10|6551|142|175706|182257|48796|||5726|50347|70695
26|2|11308|85|146510|157818|54938|60704|3448|2340||24995
12|3|11263|24|140635|151898|4897|48723|2571|3676||80744
20|4|10055|68|117875|127930|30244|32728|4538|3839||46458
28|6|10359|39|155224|165583|63752|59710|5110|10314||16299
32|0|23403|369|632107|655510|112367|||24575|332929|161867
26|7|10826|47|150735|161561|59341|53905|1705|2258||33479
14|7|5922|110|158844|164766|38936|||5460|75671|38667
19|2|10139|60|169037|179176|53417|79066|5387|8425||22682
14|1|5901|68|167559|173460|48547|||5966|76932|36046
3|1|9331|60|106619|115950|38998|41766|1667|2583||21545
14|18|7235|57|176517|183752|59977|||9109|70313|37061
30|7|5347|64|152249|157596|56560|||4883|61865|28877
2|8|14145|94|168890|183035|51768|46425|7897|6425||56281
13|6|11700|144|175470|187170|62605|55243|5419|9824||42235
27|0|33887|337|1049235|1083122|57554|||11555|405894|573895
5|0|82843|587|1094348|1177191|425569|410774|37271|39170||180977
15|21|4447|130|147030|151477|45914|||4175|56875|39936
9|18|4861|156|152307|157168|20171|||5246|39602|87132
8|0|119225|946|1207844|1327069|365278|491850|63799|63160||222811
24|2|17394|184|142913|160307|45380|41257|11994|7998||36100
3|0|20230|153|229767|249997|81874|88216|5069|5821||48634
18|0|35550|152|429125|464675|119006|172399|11066|28012||98490
26|0|71623|455|1019257|1090880|381405|408175|16467|17894||194861
13|3|12198|48|166133|178331|34245|66823|4495|13472||47050
9|23|6865|181|187852|194717|37847|||4682|35609|109533
14|9|6182|107|155984|162166|40672|||4844|70351|40010
2|1|13292|66|126228|139520|47036|42916|5339|6557||24314
18|2|12060|65|155721|167781|44228|54357|4132|14700||38239
12|4|14338|80|134841|149179|12928|36265|4997|4023||76548
15|19|4666|115|156315|160981|35349|||4846|59731|56274
14|8|7447|144|166787|174234|56971|||4117|66730|38825
24|6|15637|362|145716|161353|61514|31468|10329|8246||33797
11|9|15157|124|153237|168394|69681|59847|5665|3983||13937
30|16|6549|127|180912|187461|74294|||3959|59746|42786
6|2|4076|49|128990|133066|48961|||1616|62716|15648
12|6|13025|140|154504|167529|13306|58401|6167|2902||73588
7|2|9165|80|150670|159835|14389|||10059|84060|42082
25|2|11527|53|160230|171757|61159|43848|5044|25010||25116
16|1|10332|99|114986|125318|17688|42313|4252|2783||47851
30|3|4505|72|144464|148969|50900|||3133|65583|24776
24|3|16997|100|135316|152313|51376|55908|4765|4129||19038
27|4|4856|77|174207|179063|7345|||2114|58377|106294
9|5|6377|180|163022|169399|46760|||4056|36366|75660
32|2|5726|82|152038|157764|37684|||5201|76816|32255
21|15|5506|107|140349|145855|39958|||6760|53320|40204
21|14|5300|47|121498|126798|20983|||4599|53946|41923
9|20|6162|132|177948|184110|32650|||6340|43757|95069
1|3|11557|178|145382|156939|62656|43277|6092|12833||20346
15|4|5478|90|193902|199380|41792|||7230|76835|67955
2|6|13969|73|144294|158263|47371|40444|6629|5418||44359
5|1|11033|64|142291|153324|56175|56985|5570|4198||19299
29|2|13008|87|167686|180694|43929|42125|6792|8753||66000
8|8|15365|124|160222|175587|55958|60506|9782|10155||23697
11|12|15973|112|151008|166981|69990|47749|8027|5486||19644
9|25|5619|167|162497|168116|22452|||5373|36405|98100
23|1|7149|153|236523|243672|45876|||5830|97705|86959
11|0|213418|1352|2087535|2300953|955749|681429|133127|73821||242057
7|0|130276|1127|1889707|2019983|294502|||83684|1033914|476480
6|0|10178|171|289631|299809|103875|||5008|140083|40494
9|0|167755|4738|4655650|4823405|924732|||144322|1142946|2438912
30|5|4798|86|147728|152526|50884|||4419|60826|31513
20|11|10165|47|143335|153500|20892|47619|3433|1793||69551
15|25|3889|61|141004|144893|16364|||4821|63643|56115
15|11|4465|165|156147|160612|25949|||5487|65833|58713
19|6|8340|121|139708|148048|65356|45223|3041|5521||20446
14|6|8672|200|195370|204042|69983|||4419|82160|38608
19|3|10192|78|173037|183229|69485|66124|4226|7236||25888
13|5|13062|88|172007|185069|37873|65424|9522|6867||52233
9|2|6306|188|173790|180096|46122|||4878|43517|79085
20|1|9525|58|142743|152268|44288|43021|3710|2816||48850
1|2|14553|251|165333|179886|54480|50217|8508|22429||29448
30|17|6069|79|189881|195950|85508|||3341|69452|31501
30|11|5504|122|176161|181665|32465|||2819|67654|73101
14|15|6631|66|159794|166425|52236|||4625|71949|30918
19|0|120661|995|1882937|2003598|725086|742444|44922|96704||272786
12|0|110342|583|1286653|1396995|119106|429201|47514|26498||663751
16|0|164006|1136|1475335|1639361|360556|519973|78194|43545||471951
2|0|103536|718|1141398|1244934|390622|326336|49469|47723||326530
16|6|15655|41|120078|135733|30223|42919|6480|4707||35708
14|16|6534|114|173204|179738|46328|||4960|76959|44843
30|2|5895|67|170021|175916|65326|||2272|73252|29104
11|5|20373|112|176380|196753|90254|58287|11158|5025||11544
27|5|5926|78|185389|191315|15002|||2072|70607|97630
16|10|18421|242|139417|157838|46600|49399|8708|4381||30087
30|6|4304|36|139654|143958|47019|||2697|54526|35376
19|7|7892|69|120349|128241|47622|45525|2497|5289||19347
25|7|13187|74|132629|145816|23456|50797|4202|25805||28295
9|13|5523|140|155272|160795|26064|||5100|40197|83771
6|1|6102|122|160641|166743|54914|||3392|77367|24846
21|12|6351|184|178983|185334|64703|||9245|49759|55092
9|10|7712|214|204725|212437|64695|||5167|52366|82283
16|11|13489|95|122511|136000|21518|40362|6254|3584||50698
15|38|5271|425|167051|172322|18081|||5868|63747|78930
15|12|6769|182|204693|211462|33870|||7599|82611|80431
15|8|3685|87|134909|138594|21809|||4938|57625|50450
15|39|5024|110|165590|170614|14623|||6014|72483|72360
17|4|11191|115|144432|155623|27925|44377|10694|3740||57581
9|15|9666|276|231659|241325|88085|||4901|53120|85277
28|4|11774|72|149147|160921|58284|49813|7597|9842||23539
4|0|36084|123|342654|378738|110393|138867|6675|15937||70659
31|0|66747|468|981756|1048503|426157|405488|26757|20110||102776
22|0|64125|399|787182|851307|309514|293925|30712|20702||131930
23|0|17865|438|516569|534434|104821|||15848|207769|187693
20|0|110755|1246|1480258|1591241|338642|440892|50600|31008||618098
1|1|11845|87|139525|151370|42179|46561|7165|26991||16542
21|5|5376|68|138503|143879|35323|||8894|58038|36180
26|4|11918|40|150477|162395|48289|54210|3214|4703||40021
15|16|5000|141|167454|172454|24476|||6072|74017|62748
25|4|9839|48|116621|126460|19244|43245|2977|29726||21381
7|4|11199|91|159215|170414|30127|||11414|83941|33642
30|8|6136|89|193905|200041|68984|||3723|70112|50997
27|6|6484|76|196422|202906|10102|||2296|76754|107194
26|1|9439|40|138889|148328|62856|50386|2775|2074||20758
17|2|13773|239|160743|174516|35995|43029|11207|7540||62733
25|3|13214|47|139392|152606|35190|55462|3420|22655||22618
8|9|15363|111|133759|149122|34003|79145|3767|6061||10672
15|20|3584|133|135630|139214|18731|||3804|50110|62852
26|6|12302|85|155450|167752|39403|74126|2214|2351||37271
32|1|5078|56|155141|160219|22945|||5933|80630|45577
4|1|17566|68|182316|199882|53634|77861|3582|11017||36154
14|3|8064|116|163221|171285|65270|||3696|76045|18094
9|4|5309|132|160944|166253|24183|||5059|35813|95757
7|6|12576|128|164167|176743|30216|||5607|87486|40730
7|9|12719|249|155075|167794|23961|||6808|70295|53762
2|2|11938|129|129166|141104|56073|38621|4582|5767||23994
25|6|10913|79|126123|137036|35840|49543|2890|22403||15368
13|0|86303|502|1131195|1217498|287814|436977|38186|65495||302221
9|12|6387|183|171081|177468|34630|||4977|48321|82970
29|3|13727|50|150744|164471|44134|38019|4847|8004||55690
29|0|43297|210|474343|517640|141268|122987|18829|24730||166319
14|0|133400|2556|3276373|3409773|991176|||101863|1410253|770525
28|2|11426|119|162218|173644|62694|50008|6948|9811||32638
14|5|6545|112|175059|181604|47099|||5900|67998|53950
8|1|17161|166|157922|175083|35466|58711|12357|8917||42305
11|8|13161|62|172132|185293|81742|50911|11071|8041||20305
11|6|21034|183|171550|192584|83362|58369|11432|5611||12593
14|17|6412|100|175461|181873|49210|||7103|79879|39169
15|5|6154|90|204055|210209|36033|||6063|89590|72279
9|3|6707|168|181707|188414|37484|||5882|46731|91442
21|11|6426|185|178279|184705|69786|||8307|48439|51562
13|7|14518|41|172224|186742|40809|68170|6817|12325||44062
24|7|21606|50|155534|177140|47492|52687|7016|8001||40288
27|1|5555|37|157519|163074|14730|||1402|67455|73895
20|9|11070|148|133187|144257|36739|36895|5152|3929||50324
20|3|11114|149|138412|149526|31413|44690|4756|3413||53991
9|8|6555|186|184951|191506|38534|||5437|50145|90649
15|18|6348|138|196202|202550|54950|||5075|82374|53665
19|10|8884|95|132992|141876|62055|42786|2944|4864||20248
11|4|16086|150|154995|171081|65422|58681|8903|5067||16772
15|9|7371|75|175640|183011|31161|||5373|99201|39830
9|22|4698|124|148726|153424|13013|||4870|32530|98189
19|4|7909|71|155638|163547|79484|42840|3823|7282||22138
5|5|13349|62|161474|174823|57070|63452|5958|5388||29544
16|2|13470|90|121742|135212|25150|41155|5955|3672||45720
15|31|3606|113|131220|134826|12947|||4084|48363|65713
15|40|6106|123|158878|164984|34160|||4344|82351|37900
5|6|12245|126|178069|190314|74787|52979|4952|6487||38738
8|7|14897|93|140726|155623|34339|65431|6555|6163||28145
9|9|5769|154|164428|170197|26559|||5020|45935|86760
21|13|4247|54|124677|128924|40720|||4054|47565|32284
15|33|6806|178|198628|205434|28005|||6106|85624|78715
7|12|8417|93|145009|153426|38299|||4692|74073|27852
28|1|11480|147|162281|173761|75207|43179|4590|18993||20165
11|3|21897|212|175054|196951|86190|59213|10809|6038||12592
15|23|8088|86|180172|188260|41158|||4893|90593|43442
19|8|8377|56|147806|156183|58629|57286|3531|7447||20857
15|7|5785|197|197180|202965|51907|||7009|69934|68133
30|18|7663|64|164335|171998|48277|||2673|64279|49042
12|5|10656|40|154974|165630|15013|48647|2243|1933||87098
28|7|9652|93|177007|186659|74610|47385|7014|9451||38454
11|1|12075|94|118880|130955|50237|42854|8049|5178||12468
8|6|13244|121|163946|177190|67959|59272|7159|8121||21314
2|3|11343|84|136934|148277|41733|39146|4933|5242||45796
2|5|10675|141|134931|145606|50926|31338|5998|4384||42144
30|21|5604|68|164289|169893|41613|||1968|67215|53425
16|5|12667|78|130422|143089|42774|41650|6992|4116||34812
9|26|7830|331|195151|202981|51150|||5411|49005|89254
25|0|94071|550|1078981|1173052|278187|389791|31049|189827||189577
9|6|5470|139|163516|168986|23370|||5206|42051|92750
