ID_ESTADO|ID_DISTRITO|NUMERO_VOTOS_NULOS|NUM_VOTOS_CAN_NREG|NUMERO_VOTOS_VALIDOS|TOTAL_VOTOS|PAN|PRI|PRD|PVEM|PT|MC|PANAL
15|3|6655|79|147708|154363|34346|74516|14668|10854|3368|5456|4421
11|10|11404|66|139033|150437|63404|36786|13384|13950|3748|2116|5579
11|13|11997|76|139743|151740|61180|30332|23143|11298|3240|2554|7920
7|11|10466|55|161283|171749|29022|47447|30427|39737|9136|2710|2749
14|9|6207|107|156629|162836|40876|58419|11382|12093|5135|23747|4870
15|36|6551|52|162475|169026|33871|68948|44922|6033|5002|1646|2001
30|1|4083|40|136895|140978|52713|55583|13644|8089|2762|1931|2133
15|30|3827|103|135228|139055|14670|40587|49488|9014|8599|8815|3952
27|5|6000|82|186610|192610|15322|64787|82302|6104|9663|6255|2095
20|11|10376|47|144683|155059|21206|47982|56020|3467|8340|5803|1818
11|6|21094|183|172077|193171|83580|58526|8611|11458|2294|1801|5624
7|4|11313|92|159794|171107|30255|42453|24266|41664|6176|3459|11429
16|2|13550|90|122308|135858|25391|41284|36122|5984|6087|3670|3680
16|8|18652|121|128886|147538|34839|49686|23045|8780|4192|3862|4361
19|7|8059|69|121607|129666|48227|45750|11379|2516|6124|2230|5312
30|6|4631|38|141402|146033|47547|47540|25767|7514|5111|5145|2740
19|6|8444|122|141027|149471|66210|45377|12204|3058|6117|2394|5545
9|11|5421|181|155733|161154|25680|29999|61908|9141|13914|10056|4854
17|1|15910|220|174101|190011|49573|42770|48676|9451|10215|7732|5464
28|1|11709|148|164149|175858|76073|43621|15131|4657|3154|2279|19086
11|7|14933|53|152254|167187|69545|55761|10510|9701|1692|1380|3612
12|5|10701|46|155755|166456|15090|48831|59951|2271|17553|10066|1947
31|3|16889|158|204364|221253|94097|72777|18412|5865|4131|3932|4992
15|28|6585|205|243885|250470|58222|91754|49962|17428|9618|8557|8139
12|2|11827|77|151272|163099|17319|54523|55437|7358|7676|4480|4402
5|3|11677|74|167511|179188|71804|60196|17433|5187|4827|2977|5013
30|15|8350|96|179352|187702|62294|53602|36686|9661|7165|5229|4619
15|27|6488|123|186580|193068|45528|81637|24913|12240|11761|5077|5301
15|17|4530|132|154368|158898|21329|49592|47416|12350|9061|7584|6904
14|4|6825|182|172332|179157|45029|68446|12170|13064|4713|23856|4872
30|14|4855|78|152823|157678|41515|55427|35126|7754|6294|4346|2283
13|2|11143|54|152986|164129|35631|60742|32809|4747|8312|3558|7133
31|2|12143|98|199044|211187|78623|89914|13013|8436|3168|1864|3928
5|2|11296|69|167956|179252|61842|67032|19138|5289|5476|3168|5942
5|7|10501|133|137019|147520|57140|49870|13430|4459|3895|2278|5814
21|16|7898|29|126194|134092|31162|52624|16319|6921|8664|3320|7155
26|7|10946|49|151552|162498|59615|54190|26380|1720|4737|2578|2283
30|2|6059|68|170925|176984|65595|65881|23458|7745|4435|1440|2303
14|5|6828|112|177351|184179|48292|59115|19163|9290|5336|30096|5947
7|3|10696|36|161415|172111|21875|41624|28402|48449|5510|2928|12591
8|1|17305|166|158748|176053|35729|59010|28136|12398|8644|5713|8952
2|1|13461|66|127228|140689|47429|43247|17040|5379|3739|3744|6584
11|8|13270|64|173207|186477|82195|51161|13698|11115|3825|3070|8079
15|35|6158|66|162377|168535|28726|70364|32316|10267|7873|7453|5312
14|11|5720|93|155358|161078|37517|57727|11735|11907|4815|26741|4823
20|8|11558|289|170379|181937|50814|38916|48229|6163|9817|9585|6566
25|4|9929|48|117383|127312|19408|43518|17377|3002|2375|1823|29832
14|7|6108|111|160088|166196|39354|62537|11684|13530|5648|21724|5500
15|11|4483|168|156664|161147|26050|53543|43689|12434|8406|6876|5498
15|19|4673|115|156817|161490|35503|48692|42203|11180|8406|5861|4857
19|2|10265|61|170382|180647|54166|79294|13845|5409|6777|2370|8460
14|17|6572|101|176585|183157|49698|67786|13700|12375|4821|20975|7129
12|9|14731|133|126004|140735|12710|37348|47243|4090|8114|13149|3217
15|31|3627|115|131914|135541|13030|40004|49433|8559|7587|9076|4110
5|6|12361|129|179128|191489|75344|53158|27968|4972|6789|4262|6506
24|4|14848|64|130024|144872|38852|46401|17182|8082|6749|8198|4496
20|2|8606|63|127181|135787|26195|44675|35995|2502|6347|10384|1020
9|16|7236|165|189792|197028|39594|32960|69616|11558|16849|11920|7130
25|5|13275|136|160404|173679|27833|58827|26907|4580|9385|5926|26810
16|12|9627|57|102641|112268|22166|40433|28377|3800|3788|2097|1923
6|1|6469|127|163289|169758|55960|69455|15172|8687|7567|2857|3464
27|6|6593|80|197947|204540|10389|68018|85262|9136|11938|10814|2310
14|8|7501|144|167774|175275|57322|56768|12372|10105|4142|22785|4136
14|19|7078|67|169430|176508|47055|61991|21883|10097|4617|16436|7284
16|4|11765|73|124268|136033|38717|44089|26706|5431|3488|2622|3142
16|10|18566|246|140503|159069|46985|49615|22233|8739|4422|3857|4406
7|8|12528|109|167989|180517|12560|43014|25590|67743|8946|3264|6763
19|5|9863|71|114885|124748|31732|56078|7450|3334|10615|1660|3945
27|3|5919|30|181539|187458|5827|63283|87923|6214|9555|6525|2182
26|6|12417|85|156200|168617|39693|74367|25980|2223|7036|4461|2355
16|3|13565|49|115022|128587|21817|42012|30885|6585|6796|3146|3732
11|3|21971|212|175634|197605|86478|59319|8898|10832|2142|1704|6049
21|3|6688|52|144911|151599|50205|48059|17352|10933|9305|4268|4737
15|15|5948|127|171902|177850|61632|46410|36137|9903|7469|5531|4693
27|2|5517|39|156119|161636|4793|57973|72526|5782|8263|5221|1522
13|4|10721|80|137806|148527|42878|53132|22899|4522|4617|2592|7086
15|1|6524|62|166571|173095|37260|83834|18257|11502|6208|5597|3851
20|5|8330|151|130059|138389|24170|41127|47671|2532|7040|5627|1741
8|8|15380|124|160446|175826|56069|60557|15297|9785|5523|2930|10161
30|12|4751|121|162953|167704|82226|36885|22778|6749|5062|6148|2984
7|7|8167|40|132661|140828|29844|32257|21557|29745|7469|2947|8802
9|17|7972|235|203116|211088|50110|39084|66960|13437|15299|10358|7633
15|32|4033|83|138596|142629|12520|44664|48529|10565|8177|9384|4674
21|4|8466|60|146951|155417|35877|54614|23524|9788|11774|4009|7305
9|23|6931|181|188413|195344|38017|27590|78962|8099|18333|12542|4689
8|4|10650|75|91587|102237|23385|31617|15823|6245|5924|3288|5230
17|3|13022|165|159493|172515|31108|39089|46886|15721|10097|9445|6982
1|1|11918|89|140068|151986|42369|46732|9441|7182|4949|2262|27044
19|4|7963|71|156240|164203|79788|42950|13386|3842|6655|2246|7302
26|4|12017|42|151671|163688|48753|54550|25777|3243|9117|5459|4730
21|5|5710|69|140077|145787|35915|46200|21411|12238|10171|5116|8957
12|4|14714|81|136627|151341|13384|36647|49983|5040|9263|18160|4069
15|21|4447|130|147470|151917|46091|46867|29702|10135|6074|4296|4175
5|5|13442|62|162175|175617|57453|63558|20658|5976|5746|3311|5411
30|16|6858|127|182596|189454|74973|51826|31462|8349|6060|5806|3993
15|40|6152|123|159129|165281|34236|71677|26593|10751|6986|4414|4349
12|1|9381|28|140644|150025|7504|56897|59773|4245|3777|7066|1354
15|33|7036|178|199729|206765|28327|72513|47137|13414|10448|21556|6156
7|10|11596|98|152388|163984|29119|37243|22303|47377|5145|2843|8260
26|5|7649|78|136151|143800|58045|55994|12206|1463|4417|2289|1659
31|5|12660|38|202031|214691|82865|88909|16943|4343|4524|1479|2930
24|5|15954|423|152864|168818|75507|32324|18977|9663|5041|4292|6637
14|16|6685|115|174288|180973|46784|63322|11992|13886|4626|28561|5002
10|3|15036|42|152554|167590|48405|77404|8963|3578|8817|1946|3399
15|25|4011|61|141370|145381|16432|51407|41535|12341|8000|6764|4830
15|16|5013|143|167790|172803|24530|60338|46259|13811|9646|6977|6086
14|1|5935|68|168016|173951|48698|68336|15873|8744|5767|14548|5982
9|21|5720|168|160626|166346|20165|31652|64440|10527|16744|10749|6181
8|3|10412|121|122807|133219|42321|35154|21736|7217|5394|4343|6521
9|3|6733|168|182896|189629|37938|36455|65758|10504|14858|11309|5906
15|23|8240|87|180964|189204|41463|78907|32022|11900|8694|2966|4925
19|8|8478|58|148808|157286|59098|57498|12757|3550|6042|2327|7478
9|19|4995|127|150975|155970|15875|24559|66437|9267|17574|12101|5035
15|12|6785|182|205156|211941|33981|66828|59944|15909|9609|11091|7612
9|20|6279|132|178927|185206|32941|33429|64474|10521|19198|11874|6358
11|12|16059|112|151547|167606|70252|47859|13637|8043|3249|2896|5499
21|1|9434|108|157685|167119|41608|53517|28406|11079|11918|5798|5251
15|4|5507|90|194978|200485|42181|62963|47784|14107|9630|10962|7261
9|7|6307|237|182469|188776|30417|38072|69364|11872|15595|11401|5511
30|13|6017|99|180225|186242|85194|54740|20227|8930|3989|3863|3183
11|11|13408|28|132367|145775|57927|49131|11420|6634|2992|1271|2964
9|1|4633|86|137526|142159|16626|22440|61000|8357|14756|9990|4271
15|9|7405|79|176638|184043|31385|85476|17196|14168|9274|13631|5429
13|3|12198|48|166569|178767|34377|66922|33812|4509|9263|4150|13488
11|5|20501|116|177619|198120|90967|58458|8088|11188|1996|1758|5048
9|22|4698|124|148726|153424|13013|23101|66612|9429|18971|12606|4870
15|34|5850|163|180618|186468|49324|75628|28238|12155|5144|3473|6493
4|2|18749|56|163247|181996|57768|61747|22366|3183|6584|6546|4997
7|1|12229|51|187124|199353|21910|48244|41739|54041|13259|5128|2752
22|2|19510|94|193862|213372|76647|70438|20806|7459|6607|4930|6881
19|1|9218|79|163684|172902|80527|51075|12026|4160|6246|3254|6317
15|26|5957|94|186808|192765|49274|81120|25778|14608|5423|3594|6917
11|9|15157|124|153259|168416|69693|59851|9412|5666|2405|2124|3984
12|6|13076|145|155224|168300|13456|58589|51431|6192|10595|11892|2924
12|8|13397|26|140915|154312|25114|37427|53574|10132|9041|3679|1922
8|2|9378|38|79080|88458|19114|31351|12713|5188|4244|2574|3858
3|1|9566|63|108553|118119|39816|42353|13552|1719|4869|3560|2621
8|5|13283|99|160992|174275|54016|71560|14785|5628|4226|2414|8264
19|11|9362|63|144742|154104|52662|60003|12232|3596|6585|2252|7349
15|10|5016|134|187360|192376|28219|64530|52144|16833|10227|8498|6775
21|9|6163|115|169674|175837|59867|35595|32207|10526|13330|8821|9213
2|6|14320|73|146644|160964|48254|40969|31031|6704|7252|6891|5470
27|1|5839|37|158777|164616|15015|61890|58487|6001|7678|8238|1431
31|4|15035|134|191961|206996|92094|68725|15742|4964|3151|3063|4088
14|13|6661|115|167612|174273|47785|59525|12215|12125|4558|26562|4727
30|18|7671|65|165098|172769|48498|55737|39704|8794|5354|4253|2693
10|0|54941|316|630003|684944|211120|290125|43936|14354|46521|9592|14039
21|6|6545|164|174531|181076|57323|39618|33209|11881|14040|8252|10044
9|0|165455|4613|4514844|4680299|908934|843162|1664730|262537|411154|280074|139640
30|4|5090|76|168347|173437|88365|42614|19236|6870|4312|4269|2605
8|7|14921|93|140971|155892|34430|65495|19320|6568|5576|3317|6172
15|20|3597|134|136249|139846|18873|41301|46303|8976|8079|8760|3823
9|13|5631|140|155846|161477|26234|30990|60315|9317|14002|9736|5112
13|1|13352|50|157086|170438|34616|68092|34596|2751|5443|2647|8891
9|10|7712|214|204725|212437|64695|41847|60266|10519|12693|9324|5167
22|4|15748|133|211625|227373|90895|70648|26717|6826|5663|6636|4107
20|7|10278|110|143197|153475|25463|52621|46056|2668|9370|5337|1572
3|2|11140|110|125588|136728|43907|47013|17738|3461|5548|4524|3287
28|7|9753|96|178437|188190|75306|47647|29840|7058|5156|3825|9509
2|5|11065|145|137458|148523|51907|31898|29529|6072|7345|6116|4446
10|4|11132|99|170540|181672|65761|65331|9977|3579|18907|2863|4023
15|18|6400|138|196573|202973|55153|70187|37283|12283|11365|5082|5082
26|3|8371|80|143010|151381|59328|59339|13230|1685|4261|2548|2539
23|3|5643|228|132053|137696|37827|33061|37738|8897|6121|4464|3717
24|6|15729|362|146254|161983|61778|31553|22871|10343|5787|5303|8257
9|9|6045|157|165640|171685|26951|35774|63236|10442|13450|10587|5043
15|5|6286|92|205170|211456|36298|75557|50223|14289|11468|11141|6102
25|7|13287|75|133383|146670|23692|51036|18215|4219|6139|4150|25857
7|2|9213|80|150822|160035|14435|55388|33597|28712|7026|1517|10067
21|12|6467|188|180339|186806|65209|39474|33708|10551|13759|8162|9288
14|6|8771|200|196527|205298|70642|69634|12784|12716|4155|21961|4435
2|7|16193|74|156503|172696|52757|50512|26859|7295|7640|5180|6186
13|5|13062|88|172541|185603|38054|65543|40117|9541|7102|5216|6880
13|7|14683|41|173267|187950|41122|68476|31264|6854|7713|5432|12365
9|5|6377|180|163022|169399|46760|28774|53395|7592|13689|8576|4056
31|1|10695|48|190636|201331|81114|86334|12649|3298|1796|1073|4324
21|15|5877|111|142040|147917|40485|43003|23920|10732|11370|5614|6805
19|12|15594|182|257875|273469|81595|116947|22778|5998|14436|3625|12314
9|2|6416|189|175184|181600|46536|34156|57109|9590|13530|9168|4906
15|37|4429|131|162990|167419|27952|54372|42932|12515|8199|10579|6310
28|8|8462|91|157325|165787|78676|35993|21956|5680|3657|3283|7989
2|3|11572|85|138640|150212|42300|39495|32041|4986|9345|5106|5282
17|0|67133|844|790094|857227|178887|207583|222892|58216|50884|40068|30720
19|0|121846|1008|1896091|2017937|732084|744816|153471|45158|93598|28951|97005
24|0|122975|1310|1003262|1126237|365438|311459|127268|60844|51767|41772|43404
28|0|87723|737|1350239|1437962|554751|416455|159241|49389|38538|26216|104912
7|12|8848|93|146500|155348|38857|46486|19157|28094|5751|3323|4739
19|3|10260|79|173679|183939|69795|66204|15325|4240|8123|2661|7252
24|7|21686|50|156075|177761|47641|52867|23508|7040|7886|9059|8024
30|0|121744|1713|3465169|3586913|1254750|1130143|621278|178252|118712|92102|68219
14|12|10048|569|251501|261549|61743|80570|20715|18177|7037|55457|7233
26|1|9568|52|140095|149663|63277|50799|14480|2804|4193|2389|2101
32|1|5298|59|156316|161614|23341|64740|18012|16288|24843|3042|5991
16|11|13519|95|122867|136386|21618|40414|41734|6267|5498|3650|3591
15|38|5376|426|167612|172988|18173|51547|45995|12267|8663|24668|5873
30|20|5080|49|151381|156461|56187|55753|20473|8129|5384|3410|1996
8|9|15422|112|134194|149616|34163|79298|7277|3776|2334|1154|6080
15|8|3797|88|135288|139085|21912|47265|37392|10449|6619|6616|4947
9|8|6807|186|186794|193601|39188|39327|64910|11236|15285|11185|5477
10|2|15882|68|169952|185834|55152|77262|19184|4510|6246|3383|4147
4|0|36597|125|347578|384175|112040|140167|43661|6810|12379|16249|16147
22|0|65163|406|795627|860790|313493|295478|86664|30960|22233|25506|20887
31|0|67422|476|988036|1055458|428793|406659|76759|26906|16770|11411|20262
6|2|4257|52|130784|135041|49801|55877|10690|7327|3551|1839|1647
21|10|6143|122|164750|170893|62782|35505|28751|9878|12128|7713|7871
7|5|11678|106|158334|170012|14608|60622|32148|38243|5632|3618|3357
12|7|12702|55|148637|161339|11617|52516|57200|5939|7329|10780|3201
15|14|4819|159|165804|170623|47083|48687|38248|11301|8624|6322|5380
30|9|7028|59|171087|178115|56598|62112|29294|8850|6155|4105|3914
27|4|5177|77|175285|180462|7648|50997|82057|7592|13339|11440|2135
24|2|17443|187|143252|160695|45535|41322|24914|12010|6790|4488|8006
21|7|5502|52|135199|140701|28784|40642|27865|11040|12020|5858|8938
15|6|5273|129|196141|201414|40054|60815|56787|14045|9231|7508|7572
15|7|5890|197|197677|203567|52116|57281|49030|12758|11642|7633|7020
9|27|5261|134|154438|159699|18115|30403|62811|10870|15126|10352|6627
14|14|6780|116|163588|170368|49709|53249|11654|12988|4615|27030|4227
21|13|4311|54|125063|129374|40874|39871|18734|7767|9176|4523|4064
25|2|11699|54|161635|173334|61662|44207|18767|5097|3781|2971|25096
9|18|5010|156|153089|158099|20368|29696|61284|10124|15277|10910|5274
16|1|10510|100|116097|126607|18087|42653|38851|4297|5707|3589|2813
21|11|6660|187|179945|186605|70519|37288|30481|11459|13742|7928|8341
30|3|4537|73|145744|150281|51400|56702|18678|9256|3862|2605|3168
32|3|6390|124|159550|165940|26337|69745|26400|15439|11676|3558|6271
29|1|16675|74|156502|173177|53407|42961|30579|7209|8604|5677|7991
24|3|17141|101|136205|153346|51697|56168|9011|4805|7471|2794|4158
9|24|7655|241|185039|192694|53380|34129|60817|8577|14276|9091|4528
15|22|4048|99|134578|138626|42917|40992|28416|8534|5992|4056|3572
15|29|3672|90|133163|136835|14599|42052|46451|9032|7886|9032|4021
30|19|5802|47|147114|152916|54215|48578|24575|8730|4994|3429|2546
23|2|5685|61|152561|158246|22935|58437|38182|10654|10849|5046|6397
29|2|13322|88|169265|182587|44375|42545|43918|6852|14038|8619|8830
14|3|8073|116|163461|171534|65376|66192|4572|9917|1551|12030|3707
20|1|9610|59|144211|153821|44740|43463|32626|3751|7243|9480|2849
21|2|6694|39|145333|152027|36202|54623|20529|13557|9188|4107|7088
26|2|11370|96|147231|158601|55168|60971|16298|3468|5303|3579|2348
5|4|13164|62|143914|157078|48632|61100|14772|5968|4415|2525|6440
17|5|12716|103|147995|160711|33318|37611|39835|11009|11496|7758|6865
4|1|17848|69|184331|202179|54272|78420|21295|3627|5795|9703|11150
9|4|5402|132|161505|166907|24306|26449|64580|9478|19354|12136|5070
30|10|6919|145|177223|184142|49184|41975|52881|8727|10315|8238|5758
9|25|6076|168|164689|170765|23099|26680|68748|10253|18310|12003|5428
30|11|5545|123|178570|184115|32972|58701|58810|9612|8672|6835|2845
15|39|5194|110|165961|171155|14699|58790|53495|13807|8615|10421|6024
20|9|11273|153|134568|145841|37162|37155|38085|5221|7090|5745|3957
28|4|11877|72|150495|162372|58969|50112|16194|7648|4335|3286|9879
12|3|11555|24|142627|154182|5617|49138|67146|2627|7178|7181|3716
20|4|10132|69|118588|128720|30433|32902|34228|4557|7794|4748|3857
2|4|12543|59|147910|160453|44078|37915|31054|6907|13536|6495|7866
28|6|10413|39|156345|166758|64305|59994|11745|5155|2769|1946|10392
17|2|14004|239|162467|176471|36544|43382|48640|11269|8309|6479|7605
25|3|13299|49|140425|153724|35514|55832|15896|3449|3993|2950|22742
32|4|6618|111|168256|174874|26440|73915|28194|17271|11529|3505|7291
16|9|15300|115|130777|146077|31103|45316|33206|7886|5671|3383|4097
13|6|11754|145|176439|188193|62932|55497|29819|5445|7390|5350|9861
30|7|5371|67|153333|158704|56864|53129|21229|9089|4761|3293|4901
7|9|13004|250|156794|169798|24505|32745|38934|37974|9152|6379|6855
7|6|12674|129|165496|178170|30557|43948|30195|43944|7025|4049|5649
23|0|18747|447|523385|542132|107632|169662|142442|39592|29298|18340|15972
20|0|112544|1262|1491712|1604256|341938|443554|454538|50936|87852|80372|31260
3|0|20706|173|234141|254847|83723|89366|31290|5180|10417|8084|5908
18|0|36210|160|434148|470358|120837|173829|65769|11210|21069|13033|28241
8|0|120029|950|1213484|1333513|367551|493491|150244|63978|45532|28364|63374
26|0|72338|482|1025910|1098248|383879|410210|134351|16606|39064|23303|18015
10|1|12891|107|136957|149848|41802|70128|5812|2687|12551|1400|2470
11|14|13222|58|128893|142115|50961|35198|19802|8770|3070|7234|3800
20|10|10957|67|121307|132264|34504|29065|32842|11526|6683|4728|1892
1|3|11746|181|146686|158432|63217|43547|13759|6133|3722|3224|12903
18|1|10384|25|125816|136200|30396|55962|22363|2702|5296|2973|6099
18|2|12318|68|157741|170059|44913|54924|24867|4186|7959|5992|14832
23|1|7419|158|238771|246190|46870|78164|66522|20041|12328|8830|5858
5|0|83599|595|1101074|1184673|428904|412155|126647|37451|34944|21016|39362
32|0|24171|377|636918|661089|114075|272667|96403|61806|54316|12491|24783
11|0|201373|1339|1970944|2172317|902378|644260|160893|125647|36266|31713|68448
7|0|132412|1139|1900600|2033012|297547|531471|348315|505723|90227|42165|84013
6|0|10726|179|294073|304799|105761|125332|25862|16014|11118|4696|5111
30|5|4980|89|149761|154741|51639|53419|24336|7900|4649|3271|4458
11|2|13675|53|128825|142500|58748|39769|11190|7965|2540|2829|5731
9|14|5880|118|163943|169823|23498|26543|68940|9727|18010|11937|5170
30|21|5710|68|164827|170537|41760|59628|42628|7770|6288|4703|1982
16|7|11478|84|127962|139440|29098|41427|37386|7212|6331|3301|3123
15|13|4011|126|143750|147761|20295|48379|43065|11583|8562|6743|4997
30|17|6181|80|190812|196993|85766|59877|22858|9837|5187|3827|3380
28|3|12891|89|209605|222496|83755|71438|25060|7451|6065|3776|11971
1|2|14762|253|167102|181864|55277|50553|18790|8586|6126|5009|22508
21|0|103079|1451|2381283|2484362|707394|703707|408346|167852|183988|94761|113784
16|6|15760|42|121146|136906|30495|43157|27662|6536|5109|3396|4749
12|0|112084|615|1297705|1409789|121811|431916|501738|47894|80526|86453|26752
14|15|6751|66|160737|167488|52592|61527|14027|10725|6401|10742|4657
16|0|165227|1153|1484648|1649875|363772|522200|373318|78593|62050|39784|43778
15|24|3433|107|124414|127847|26551|44048|29756|9536|6293|4453|3670
20|6|10131|104|118217|128348|15593|30733|43853|3768|10062|11549|2555
22|3|14327|130|199441|213768|86329|64899|23369|6915|5757|7333|4709
9|15|9700|276|232364|242064|88480|43029|60718|10185|15314|9455|4907
20|3|11293|150|139322|150615|31658|44915|38933|4781|8066|7386|3433
17|4|11481|117|146038|157519|28344|44731|38855|10766|10767|8654|3804
21|14|5482|47|122118|127600|21083|44715|26508|9471|10244|5435|4615
14|10|8684|126|176087|184771|64629|52620|12726|12276|4526|25053|4131
28|5|11007|75|169660|180667|54065|57202|16524|4733|7284|3594|26183
14|18|7479|57|177551|185030|60435|62358|15801|8203|3036|18519|9142
25|1|10315|32|124417|134732|42632|50397|9032|2097|1520|1148|17559
2|2|12077|131|130370|142447|56555|38943|17265|4623|3416|3646|5791
21|8|5039|54|126473|131512|29499|38359|25422|10031|13159|5837|4112
30|8|6226|105|194701|200927|69245|60434|37428|9897|7901|5956|3735
25|6|11078|79|128030|139108|36671|50038|11662|2945|2495|1636|22504
13|0|86913|506|1136694|1223607|289610|438404|225316|38369|49840|28945|65704
2|8|14483|95|170529|185012|52337|46830|39039|7950|9482|8316|6480
29|0|43889|213|477371|521260|142149|123743|111122|18939|33722|22630|24853
9|12|6567|185|172904|179471|35251|37027|59012|11635|14315|10467|5012
29|3|13892|51|151604|165496|44367|38237|36625|4878|11080|8334|8032
15|0|213718|5059|6682503|6896221|1325440|2415609|1597722|475757|328524|319612|214780
14|0|135712|2576|3295864|3431576|999530|1190437|254620|224257|87206|434849|102389
28|2|11611|127|164223|175834|63602|50448|22791|7007|6118|4227|9903
19|10|9009|96|134351|143360|62882|42915|13220|2959|4917|2480|4882
11|4|16198|152|155894|172092|65766|58874|11549|8928|3158|2380|5087
25|8|12042|82|122005|134047|33932|38397|14862|5913|5343|3393|20083
18|3|13508|67|150591|164099|45528|62943|18539|4322|7814|4068|7310
32|2|5865|83|152796|158661|37957|64267|23797|12808|6268|2386|5230
22|1|15578|49|190699|206277|59622|89493|15772|9760|4206|6607|5190
5|1|11158|66|143371|154529|56689|57241|13248|5600|3796|2495|4236
11|1|12159|95|119417|131576|50430|43004|8741|8064|2455|1425|5203
15|2|5992|139|174038|180030|40635|61537|36081|11921|6596|11463|5666
14|2|7006|111|160949|167955|65994|60315|8172|12039|1707|8026|4585
8|6|13278|122|164659|177937|68324|59449|15157|7173|3667|2631|8136
27|0|35045|345|1056277|1091322|58994|366948|468557|40829|60436|48493|11675
1|0|38426|523|453856|492282|160863|140832|41990|21901|14797|10495|62455
2|0|91231|633|984753|1075984|343280|282979|184819|41966|52273|37178|41625
16|5|12935|81|132171|145106|43456|42114|27111|7076|4961|3211|4161
9|26|7988|333|196463|204451|51697|38997|63058|10280|16432|10241|5425
25|0|94924|555|1087682|1182606|281344|392252|132718|31302|35031|23997|190483
9|6|5470|139|163516|168986|23370|32155|66797|9896|14759|11194|5206
