ID_ESTADO|ID_DISTRITO|NUMERO_VOTOS_NULOS|NUM_VOTOS_CAN_NREG|NUMERO_VOTOS_VALIDOS|TOTAL_VOTOS|PAN|PRI|PRD|PVEM|PT|MC|PANAL
15|1|6457|61|166300|172757|37172|83763|18184|11491|6202|5588|3839
30|13|5968|98|179884|185852|85071|54654|20149|8921|3974|3844|3173
30|1|4012|40|136112|140124|52383|55375|13491|8055|2745|1908|2115
8|5|13203|99|160321|173524|53717|71364|14667|5616|4205|2408|8245
18|3|13278|64|148759|162037|44720|62506|18201|4274|7762|3973|7259
14|2|6748|107|159465|166213|65424|59879|7920|11974|1675|7971|4515
15|2|5898|139|173007|178905|40296|61259|35811|11874|6564|11430|5634
30|14|4655|77|151088|155743|41076|54948|34491|7706|6247|4299|2244
9|17|7915|234|202385|210300|49747|38979|66844|13323|15292|10345|7621
12|2|11596|73|150073|161669|17047|54154|55038|7309|7638|4448|4366
15|27|6292|122|185164|191456|44832|81335|24591|12216|11731|5057|5280
15|17|4412|132|153627|158039|21179|49379|47161|12329|9032|7558|6857
31|5|12618|38|201785|214403|82787|88843|16877|4339|4516|1472|2913
14|4|6642|181|171121|177763|44491|68240|11921|13041|4681|23724|4842
11|13|11904|75|138831|150735|60743|30169|22957|11266|3215|2518|7888
11|2|13407|49|126907|140314|57837|39422|10763|7895|2496|2773|5672
17|1|15433|218|170906|186339|48346|42173|47688|9358|10091|7622|5410
21|3|6518|52|144073|150591|49885|47872|17170|10900|9262|4234|4698
15|15|5868|127|171371|177239|61380|46275|36044|9889|7449|5521|4686
25|8|11905|82|120373|132278|33304|37983|14544|5868|5281|3359|19952
15|24|3413|107|123758|127171|26166|43913|29672|9518|6279|4442|3661
15|10|5016|134|186767|191783|28073|64386|51938|16810|10202|8476|6748
18|1|10212|23|124645|134857|30058|55536|22123|2660|5249|2943|6053
14|10|8604|117|174811|183415|63972|52474|12438|12254|4492|24951|4113
30|12|4544|121|161030|165574|81355|36508|22260|6718|5021|6099|2948
7|7|7988|39|131728|139716|29558|32054|21298|29647|7434|2917|8781
3|2|10899|93|123148|134047|42876|46450|17188|3402|5468|4433|3238
15|3|6547|78|146888|153435|34150|74213|14489|10832|3332|5412|4382
15|28|6563|205|243062|249625|57944|91509|49778|17399|9598|8530|8099
15|32|3895|83|138181|142076|12455|44543|48379|10555|8149|9360|4657
20|5|8096|150|128604|136700|23696|40766|47200|2493|7004|5584|1711
21|4|8390|60|146612|155002|35794|54531|23415|9774|11753|3995|7290
9|1|4344|86|136352|140696|16403|22178|60500|8318|14709|9938|4220
5|7|10407|133|136114|146521|56625|49763|13234|4437|3877|2246|5799
5|2|11165|68|166318|177483|61098|66515|18937|5237|5442|3149|5872
7|10|11491|96|151938|163429|28986|37136|22182|47335|5133|2828|8242
15|34|5789|163|180234|186023|49189|75513|28138|12150|5130|3465|6486
9|16|7213|165|189131|196344|39252|32847|69471|11548|16829|11905|7114
26|5|7485|78|134617|142102|57402|55606|11852|1436|4364|2245|1634
9|21|5703|168|160171|165874|20022|31567|64278|10512|16724|10736|6164
16|8|18547|121|128254|146801|34635|49572|22828|8767|4160|3820|4351
20|2|8522|63|126599|135121|26098|44497|35795|2478|6326|10334|1008
16|4|11687|71|123741|135428|38533|43951|26583|5412|3470|2599|3122
8|3|10046|121|121116|131162|41605|34706|21424|7155|5354|4308|6443
9|19|4854|127|150522|155376|15788|24490|66213|9258|17542|12080|5024
9|24|7540|239|184408|191948|53106|34033|60635|8564|14245|9069|4517
19|12|15533|182|256949|272482|81167|116736|22585|5966|14412|3606|12295
9|14|5880|118|163943|169823|23498|26543|68940|9727|18010|11937|5170
20|10|10800|67|120201|131001|34077|28898|32456|11497|6644|4684|1878
21|1|9225|106|156980|166205|41433|53359|28178|11051|11854|5770|5229
11|10|11214|47|138038|149252|63094|36521|13140|13887|3713|2091|5545
5|3|11630|74|167065|178695|71554|60124|17346|5178|4816|2967|5006
9|7|5982|235|180355|186337|29795|37685|68573|11806|15502|11317|5442
30|15|8021|95|177016|185037|61504|53001|35989|9617|7106|5145|4559
11|11|13367|27|132119|145486|57822|49076|11371|6620|2987|1264|2952
17|3|12770|162|158260|171030|30757|38813|46435|15685|10050|9403|6955
15|36|6501|51|162092|168593|33780|68841|44789|6021|4986|1638|1986
10|3|14916|41|151613|166529|48114|77054|8806|3533|8785|1920|3360
15|26|5902|94|185501|191403|48822|80721|25473|14553|5382|3566|6890
12|9|14386|126|124136|138522|12069|36914|46668|4034|8055|13085|3185
7|5|11542|103|157073|168615|14283|60429|31638|38173|5570|3563|3314
12|1|9290|19|140047|149337|7404|56710|59537|4216|3763|7056|1342
13|1|13299|50|156723|170022|34500|67996|34481|2746|5437|2635|8878
10|1|12772|107|135856|148628|41360|69738|5701|2649|12484|1382|2435
16|9|15228|115|130150|145378|30869|45190|33025|7861|5643|3361|4086
31|4|14821|132|189595|204416|91125|68306|15025|4916|3089|2963|4039
12|8|13377|26|140463|153840|25043|37329|53377|10086|9023|3668|1911
21|6|6202|164|172812|179014|56752|39272|32703|11823|13944|8190|9964
2|4|12133|59|146071|158204|43579|37428|30505|6845|13426|6436|7793
10|0|54455|312|625122|679577|209239|288429|43280|14183|46297|9486|13896
21|0|99943|1432|2365588|2465531|701815|700560|403818|167369|183167|94165|113262
15|0|210565|5008|6656644|6867209|1317388|2409098|1590093|474948|327504|318626|213979
30|4|5044|76|166420|171464|87397|42301|18793|6821|4253|4202|2577
15|30|3563|102|134261|137824|14496|40331|49098|8990|8549|8773|3922
20|8|11244|287|169211|180455|50417|38744|47808|6134|9769|9515|6537
22|3|14124|127|197464|211588|85246|64603|22943|6859|5705|7299|4682
11|7|14724|51|150601|165325|68833|55355|10188|9612|1664|1335|3563
17|0|65575|836|780592|846167|175696|205647|219808|57887|50526|39731|30461
10|4|10982|98|169002|179984|65140|64794|9803|3531|18807|2833|3996
31|2|12075|98|198229|210304|78228|89742|12832|8413|3156|1848|3912
21|16|7818|29|125921|133739|31094|52545|16244|6908|8648|3309|7144
12|7|12411|55|146980|159391|11399|52058|56425|5891|7271|10721|3160
4|2|18518|55|160338|178856|56759|61006|21545|3093|6521|6439|4920
13|2|11107|54|152612|163719|35508|60653|32697|4735|8300|3547|7118
7|3|10623|36|161092|171715|21804|41532|28317|48410|5499|2917|12577
8|4|10613|75|90946|101559|23182|31409|15665|6225|5904|3280|5206
14|11|5638|90|154896|160534|37394|57630|11607|11895|4795|26674|4811
7|8|12246|108|166817|179063|12285|42754|25235|67594|8894|3219|6728
19|5|9853|71|114468|124321|31551|55982|7367|3322|10587|1655|3933
25|1|10281|31|123914|134195|42429|50239|8970|2079|1506|1141|17519
16|3|13528|46|114636|128164|21700|41912|30782|6565|6783|3129|3719
2|7|16041|72|154884|170925|52136|50018|26534|7246|7597|5144|6137
31|1|10573|46|189737|200310|80768|86120|12416|3269|1780|1050|4288
28|5|10981|74|169353|180334|53942|57137|16450|4724|7278|3576|26172
11|14|13046|54|127803|140849|50542|34975|19531|8733|3039|7157|3772
15|37|4421|103|162586|167007|27830|54289|42813|12507|8187|10566|6291
24|0|122112|1299|997296|1119408|362884|310149|125942|60621|51570|41605|43226
1|0|37955|516|450240|488195|159315|140055|41220|21765|14700|10416|62253
28|0|86773|722|1339788|1426561|549683|414170|157309|49052|38330|26034|104488
24|4|14711|63|129066|143777|38452|46219|16952|8040|6706|8166|4468
22|1|15295|47|188490|203785|58704|89007|15257|9680|4140|6532|5123
30|0|118565|1676|3436244|3554809|1245205|1122831|612586|177459|117716|91170|67601
21|8|4863|53|125886|130749|29317|38216|25256|10008|13123|5823|4090
7|1|11960|49|186271|198231|21763|48051|41404|53986|13213|5079|2726
15|35|6053|65|161151|167204|28262|70083|31971|10225|7838|7428|5279
22|2|19275|93|192462|211737|76096|70096|20466|7412|6561|4905|6833
16|12|9581|57|102290|111871|22023|40335|28304|3777|3781|2094|1919
14|12|9855|569|249725|259580|60920|80255|20349|18128|6997|55310|7197
26|3|8345|80|142579|150924|59176|59238|13098|1675|4245|2533|2534
23|3|5309|224|128985|134294|36508|32540|36784|8849|6038|4381|3661
22|4|15431|132|208766|224197|89468|70219|25994|6761|5561|6567|4064
28|8|8288|90|155776|164064|77837|35721|21644|5636|3633|3261|7954
30|20|5058|49|150037|155095|55854|55357|20067|8082|5294|3351|1983
10|2|15785|66|168651|184436|54625|76843|18972|4470|6219|3351|4105
14|19|7051|67|168606|175657|46759|61804|21735|10053|4591|16332|7265
8|2|9333|36|78886|88219|19049|31306|12659|5183|4235|2569|3849
15|14|4726|159|165264|169990|46816|48577|38118|11299|8611|6313|5371
30|9|6744|59|169411|176155|56104|61637|28778|8812|6105|4044|3872
28|3|12813|88|208782|221595|83357|71217|24914|7433|6053|3769|11951
23|2|5407|61|151061|156468|22437|58062|37726|10613|10791|5014|6357
20|7|10171|105|142463|152634|25296|52406|45774|2654|9353|5319|1556
15|6|5257|129|195684|200941|39895|60715|56653|14036|9207|7487|7562
5|4|13014|60|143017|156031|48260|60956|14501|5939|4387|2494|6420
21|2|6454|38|144184|150638|35874|54366|20154|13519|9120|4065|7048
17|5|12408|102|146251|158659|32673|37255|39327|10943|11436|7699|6816
9|27|5150|134|153760|158910|17979|30268|62513|10844|15090|10330|6602
7|11|10350|55|160652|171002|28831|47287|30263|39671|9114|2695|2736
31|3|16660|154|202410|219070|93249|72477|17804|5820|4079|3869|4958
24|5|15742|418|151101|166843|74636|32043|18557|9606|4990|4251|6600
9|11|5355|181|155047|160402|25373|29862|61724|9124|13897|10043|4843
19|1|9065|76|161772|170837|79373|50834|11644|4125|6206|3222|6292
32|3|6152|120|157960|164112|25776|69344|25992|15375|11629|3516|6208
25|5|13205|136|159699|172904|27565|58674|26737|4569|9355|5906|26757
27|3|5747|30|180562|186309|5701|63063|87395|6176|9538|6492|2167
21|10|5970|120|163561|169531|62198|35360|28430|9856|12085|7670|7842
14|14|6748|116|162983|169731|49437|53169|11496|12977|4598|26976|4214
32|4|6447|111|166968|173415|25962|73550|27940|17214|11476|3482|7233
29|1|16562|73|155913|172475|53205|42843|30398|7190|8576|5655|7973
19|11|9237|62|143453|152690|52027|59577|12110|3584|6552|2231|7310
15|13|3909|126|143283|147192|20186|48263|42884|11567|8544|6733|4980
20|6|9993|104|117628|127621|15482|30628|43591|3755|10035|11505|2528
16|7|11401|81|127108|138509|28843|41215|37150|7171|6282|3261|3105
30|19|5594|45|145941|151535|53835|48229|24273|8691|4959|3392|2517
15|22|3984|99|134022|138006|42677|40844|28275|8521|5989|4054|3563
15|29|3557|90|132741|136298|14509|41949|46283|9023|7866|9016|4005
21|9|5898|113|168374|174272|59300|35400|31861|10491|13278|8761|9170
21|7|5399|52|134896|140295|28695|40580|27757|11031|12003|5850|8928
14|13|6569|115|166966|173535|47550|59389|12101|12104|4530|26470|4707
27|2|5319|39|155136|160455|4674|57700|72043|5762|8225|5189|1504
13|4|10419|77|136026|146445|42274|52668|22428|4452|4560|2556|7011
30|10|6551|142|175706|182257|48796|41643|52303|8704|10234|8158|5726
26|2|11308|85|146510|157818|54938|60704|16135|3448|5290|3570|2340
12|3|11263|24|140635|151898|4897|48723|66531|2571|7097|7116|3676
20|4|10055|68|117875|127930|30244|32728|33984|4538|7759|4715|3839
28|6|10359|39|155224|165583|63752|59710|11614|5110|2755|1930|10314
32|0|23403|369|632107|655510|112367|271324|95377|61605|54108|12382|24575
26|7|10826|47|150735|161561|59341|53905|26203|1705|4721|2555|2258
14|7|5922|110|158844|164766|38936|62181|11472|13490|5605|21590|5460
19|2|10139|60|169037|179176|53417|79066|13583|5387|6756|2343|8425
14|1|5901|68|167559|173460|48547|68208|15788|8724|5760|14498|5966
3|1|9331|60|106619|115950|38998|41766|13214|1667|4816|3515|2583
14|18|7235|57|176517|183752|59977|62130|15625|8183|3010|18426|9109
30|7|5347|64|152249|157596|56560|52819|20929|9046|4705|3243|4883
2|8|14145|94|168890|183035|51768|46425|38597|7897|9430|8254|6425
13|6|11700|144|175470|187170|62605|55243|29550|5419|7356|5329|9824
27|0|33887|337|1049235|1083122|57554|365254|465402|40640|60243|48250|11555
5|0|82843|587|1094348|1177191|425569|410774|125313|37271|34786|20878|39170
15|21|4447|130|147030|151477|45914|46746|29585|10129|6065|4286|4175
9|18|4861|156|152307|157168|20171|29514|60999|10088|15256|10877|5246
8|0|119225|946|1207844|1327069|365278|491850|149142|63799|45411|28258|63160
24|2|17394|184|142913|160307|45380|41257|24840|11994|6780|4480|7998
3|0|20230|153|229767|249997|81874|88216|30401|5069|10283|7950|5821
18|0|35550|152|429125|464675|119006|172399|64742|11066|20914|12834|28012
26|0|71623|455|1019257|1090880|381405|408175|132840|16467|38855|23166|17894
13|3|12198|48|166133|178331|34245|66823|33663|4495|9247|4140|13472
9|23|6865|181|187852|194717|37847|27525|78724|8084|18301|12508|4682
14|9|6182|107|155984|162166|40672|58282|11258|12069|5106|23646|4844
2|1|13292|66|126228|139520|47036|42916|16876|5339|3717|3721|6557
18|2|12060|65|155721|167781|44228|54357|24419|4132|7904|5916|14700
12|4|14338|80|134841|149179|12928|36265|49281|4997|9209|18058|4023
15|19|4666|115|156315|160981|35349|48572|42033|11159|8389|5852|4846
14|8|7447|144|166787|174234|56971|56644|12038|10086|4130|22657|4117
24|6|15637|362|145716|161353|61514|31468|22726|10329|5779|5292|8246
11|9|15157|124|153237|168394|69681|59847|9409|5665|2404|2124|3983
30|16|6549|127|180912|187461|74294|51433|31008|8313|6021|5757|3959
6|2|4076|49|128990|133066|48961|55434|10350|7282|3508|1790|1616
12|6|13025|140|154504|167529|13306|58401|51168|6167|10569|11851|2902
7|2|9165|80|150670|159835|14389|55362|33552|28698|7019|1511|10059
25|2|11527|53|160230|171757|61159|43848|18436|5044|3745|2935|25010
16|1|10332|99|114986|125318|17688|42313|38604|4252|5686|3561|2783
30|3|4505|72|144464|148969|50900|56388|18399|9195|3805|2572|3133
24|3|16997|100|135316|152313|51376|55908|8837|4765|7436|2765|4129
27|4|4856|77|174207|179063|7345|50814|81602|7563|13302|11390|2114
9|5|6377|180|163022|169399|46760|28774|53395|7592|13689|8576|4056
32|2|5726|82|152038|157764|37684|64042|23648|12774|6247|2360|5201
21|15|5506|107|140349|145855|39958|42639|23406|10681|11250|5548|6760
21|14|5300|47|121498|126798|20983|44496|26307|9450|10202|5414|4599
9|20|6162|132|177948|184110|32650|33266|64098|10491|19142|11829|6340
1|3|11557|178|145382|156939|62656|43277|13465|6092|3692|3189|12833
15|4|5478|90|193902|199380|41792|62780|47481|14055|9566|10908|7230
2|6|13969|73|144294|158263|47371|40444|30385|6629|7177|6797|5418
5|1|11033|64|142291|153324|56175|56985|13055|5570|3764|2480|4198
29|2|13008|87|167686|180694|43929|42125|43475|6792|13972|8553|8753
8|8|15365|124|160222|175587|55958|60506|15248|9782|5521|2928|10155
11|12|15973|112|151008|166981|69990|47749|13533|8027|3232|2879|5486
9|25|5619|167|162497|168116|22452|26224|67972|10181|18203|11925|5373
23|1|7149|153|236523|243672|45876|77712|65943|19993|12253|8763|5830
11|0|213418|1352|2087535|2300953|955749|681429|169364|133127|38501|34192|73821
7|0|130276|1127|1889707|2019983|294502|529108|344867|504806|89821|41792|83684
6|0|10178|171|289631|299809|103875|124188|24991|15895|10952|4551|5008
9|0|167755|4738|4655650|4823405|924732|871214|1723614|271732|424880|290418|144322
30|5|4798|86|147728|152526|50884|52955|23667|7871|4605|3241|4419
20|11|10165|47|143335|153500|20892|47619|55514|3433|8282|5755|1793
15|25|3889|61|141004|144893|16364|51312|41403|12331|7966|6746|4821
15|11|4465|165|156147|160612|25949|53430|43528|12403|8353|6832|5487
19|6|8340|121|139708|148048|65356|45223|11961|3041|6111|2374|5521
14|6|8672|200|195370|204042|69983|69467|12578|12693|4146|21884|4419
19|3|10192|78|173037|183229|69485|66124|15140|4226|8103|2645|7236
13|5|13062|88|172007|185069|37873|65424|39948|9522|7087|5198|6867
9|2|6306|188|173790|180096|46122|33962|56552|9555|13426|9107|4878
20|1|9525|58|142743|152268|44288|43021|32224|3710|7193|9433|2816
1|2|14553|251|165333|179886|54480|50217|18402|8508|6074|4972|22429
30|17|6069|79|189881|195950|85508|59649|22560|9803|5141|3800|3341
30|11|5504|122|176161|181665|32465|58139|57849|9515|8531|6721|2819
14|15|6631|66|159794|166425|52236|61270|13845|10679|6380|10693|4625
19|0|120661|995|1882937|2003598|725086|742444|150821|44922|93269|28696|96704
12|0|110342|583|1286653|1396995|119106|429201|497657|47514|80078|86016|26498
16|0|164006|1136|1475335|1639361|360556|519973|370859|78194|61683|39409|43545
2|0|103536|718|1141398|1244934|390622|326336|220199|49469|61282|45049|47723
16|6|15655|41|120078|135733|30223|42919|27343|6480|5032|3333|4707
14|16|6534|114|173204|179738|46328|63112|11787|13847|4600|28456|4960
30|2|5895|67|170021|175916|65326|65534|23252|7718|4423|1429|2272
11|5|20373|112|176380|196753|90254|58287|7831|11158|1971|1742|5025
27|5|5926|78|185389|191315|15002|64536|81776|6071|9635|6219|2072
16|10|18421|242|139417|157838|46600|49399|21890|8708|4382|3815|4381
30|6|4304|36|139654|143958|47019|47066|25228|7460|5056|5092|2697
19|7|7892|69|120349|128241|47622|45525|11068|2497|6082|2197|5289
25|7|13187|74|132629|145816|23456|50797|18060|4202|6112|4123|25805
9|13|5523|140|155272|160795|26064|30893|60090|9304|13972|9709|5100
6|1|6102|122|160641|166743|54914|68754|14642|8613|7444|2760|3392
21|12|6351|184|178983|185334|64703|39256|33303|10503|13694|8095|9245
9|10|7712|214|204725|212437|64695|41847|60266|10519|12693|9324|5167
16|11|13489|95|122511|136000|21518|40362|41590|6254|5475|3633|3584
15|38|5271|425|167051|172322|18081|51487|45730|12260|8628|24572|5868
15|12|6769|182|204693|211462|33870|66718|59764|15893|9591|11076|7599
15|8|3685|87|134909|138594|21809|47187|37241|10438|6607|6602|4938
15|39|5024|110|165590|170614|14623|58690|53358|13793|8601|10401|6014
17|4|11191|115|144432|155623|27925|44377|38295|10694|10696|8590|3740
9|15|9666|276|231659|241325|88085|42942|60554|10178|15289|9434|4901
28|4|11774|72|149147|160921|58284|49813|15964|7597|4312|3263|9842
4|0|36084|123|342654|378738|110393|138867|42376|6675|12275|16008|15937
31|0|66747|468|981756|1048503|426157|405488|74952|26757|16620|11204|20110
22|0|64125|399|787182|851307|309514|293925|84657|30712|21970|25303|20702
23|0|17865|438|516569|534434|104821|168313|140452|39456|29082|18159|15848
20|0|110755|1246|1480258|1591241|338642|440892|450577|50600|87617|79904|31008
1|1|11845|87|139525|151370|42179|46561|9354|7165|4934|2254|26991
21|5|5376|68|138503|143879|35323|45855|20998|12183|10113|5069|8894
26|4|11918|40|150477|162395|48289|54210|25524|3214|9064|5433|4703
15|16|5000|141|167454|172454|24476|60223|46168|13794|9619|6961|6072
25|4|9839|48|116621|126460|19244|43245|17224|2977|2355|1802|29726
7|4|11199|91|159215|170414|30127|42341|24048|41600|6153|3441|11414
30|8|6136|89|193905|200041|68984|60237|37183|9875|7876|5938|3723
27|6|6484|76|196422|202906|10102|67653|84531|9101|11893|10770|2296
26|1|9439|40|138889|148328|62856|50386|14236|2775|4146|2376|2074
17|2|13773|239|160743|174516|35995|43029|48068|11207|8250|6415|7540
25|3|13214|47|139392|152606|35190|55462|15723|3420|3966|2929|22655
8|9|15363|111|133759|149122|34003|79145|7208|3767|2326|1138|6061
15|20|3584|133|135630|139214|18731|41150|46081|8960|8045|8726|3804
26|6|12302|85|155450|167752|39403|74126|25798|2214|7025|4448|2351
32|1|5078|56|155141|160219|22945|64389|17798|16241|24758|3021|5933
4|1|17566|68|182316|199882|53634|77861|20832|3582|5753|9569|11017
14|3|8064|116|163221|171285|65270|66137|4533|9908|1540|12021|3696
9|4|5309|132|160944|166253|24183|26351|64341|9462|19321|12095|5059
7|6|12576|128|164167|176743|30216|43678|29765|43808|6969|3996|5607
7|9|12719|249|155075|167794|23961|32402|38328|37893|9111|6323|6808
2|2|11938|129|129166|141104|56073|38621|16986|4582|3392|3616|5767
25|6|10913|79|126123|137036|35840|49543|11326|2890|2443|1599|22403
13|0|86303|502|1131195|1217498|287814|436977|223732|38186|49670|28819|65495
9|12|6387|183|171081|177468|34630|36727|58362|11594|14228|10380|4977
29|3|13727|50|150744|164471|44134|38019|36349|4847|11039|8302|8004
29|0|43297|210|474343|517640|141268|122987|110220|18829|33587|22512|24730
14|0|133400|2556|3276373|3409773|991176|1186540|250724|223713|86709|433092|101863
28|2|11426|119|162218|173644|62694|50008|22386|6948|6060|4192|9811
14|5|6545|112|175059|181604|47099|58745|18748|9253|5272|29930|5900
8|1|17161|166|157922|175083|35466|58711|27972|12357|8633|5700|8917
11|8|13161|62|172132|185293|81742|50911|13460|11071|3799|3046|8041
11|6|21034|183|171550|192584|83362|58369|8511|11432|2287|1795|5611
14|17|6412|100|175461|181873|49210|67531|13486|12348|4788|20895|7103
15|5|6154|90|204055|210209|36033|75331|49799|14259|11428|11052|6063
9|3|6707|168|181707|188414|37484|36257|65359|10474|14804|11279|5882
21|11|6426|185|178279|184705|69786|37009|30015|11430|13678|7869|8307
13|7|14518|41|172224|186742|40809|68170|30970|6817|7682|5410|12325
24|7|21606|50|155534|177140|47492|52687|23382|7016|7867|9039|8001
27|1|5555|37|157519|163074|14730|61490|58059|5965|7649|8187|1402
20|9|11070|148|133187|144257|36739|36895|37593|5152|7032|5699|3929
20|3|11114|149|138412|149526|31413|44690|38634|4756|8015|7342|3413
9|8|6555|186|184951|191506|38534|38954|64324|11191|15213|11112|5437
15|18|6348|138|196202|202550|54950|70101|37231|12273|11357|5077|5075
19|10|8884|95|132992|141876|62055|42786|12919|2944|4880|2449|4864
11|4|16086|150|154995|171081|65422|58681|11297|8903|3119|2356|5067
15|9|7371|75|175640|183011|31161|85065|16996|14136|9249|13585|5373
9|22|4698|124|148726|153424|13013|23101|66612|9429|18971|12606|4870
19|4|7909|71|155638|163547|79484|42840|13265|3823|6639|2234|7282
5|5|13349|62|161474|174823|57070|63452|20507|5958|5734|3303|5388
16|2|13470|90|121742|135212|25150|41155|35994|5955|6073|3653|3672
15|31|3606|113|131220|134826|12947|39849|49160|8514|7534|9019|4084
15|40|6106|123|158878|164984|34160|71612|26508|10739|6983|4409|4344
5|6|12245|126|178069|190314|74787|52979|27737|4952|6766|4235|6487
8|7|14897|93|140726|155623|34339|65431|19265|6555|5574|3306|6163
9|9|5769|154|164428|170197|26559|35523|62825|10412|13390|10545|5020
21|13|4247|54|124677|128924|40720|39808|18631|7757|9158|4495|4054
15|33|6806|178|198628|205434|28005|72252|46807|13372|10397|21511|6106
7|12|8417|93|145009|153426|38299|46082|18845|27991|5714|3293|4692
28|1|11480|147|162281|173761|75207|43179|14814|4590|3113|2238|18993
11|3|21897|212|175054|196951|86190|59213|8766|10809|2134|1692|6038
15|23|8088|86|180172|188260|41158|78717|31816|11876|8669|2957|4893
19|8|8377|56|147806|156183|58629|57286|12543|3531|6012|2302|7447
15|7|5785|197|197180|202965|51907|57185|48892|12749|11621|7620|7009
30|18|7663|64|164335|171998|48277|55508|39483|8771|5328|4231|2673
12|5|10656|40|154974|165630|15013|48647|59639|2243|17450|10009|1933
28|7|9652|93|177007|186659|74610|47385|29529|7014|5128|3797|9451
11|1|12075|94|118880|130955|50237|42854|8622|8049|2437|1409|5178
8|6|13244|121|163946|177190|67959|59272|15042|7159|3658|2614|8121
2|3|11343|84|136934|148277|41733|39146|31482|4933|9272|5042|5242
2|5|10675|141|134931|145606|50926|31338|28838|5998|7268|6038|4384
30|21|5604|68|164289|169893|41613|59455|42451|7760|6279|4695|1968
16|5|12667|78|130422|143089|42774|41650|26755|6992|4915|3142|4116
9|26|7830|331|195151|202981|51150|38752|62675|10253|16385|10194|5411
25|0|94071|550|1078981|1173052|278187|389791|131014|31049|34761|23802|189827
9|6|5470|139|163516|168986|23370|32155|66797|9896|14759|11194|5206
