ID_ESTADO|ID_DISTRITO|NUMERO_VOTOS_NULOS|NUM_VOTOS_CAN_NREG|NUMERO_VOTOS_VALIDOS|TOTAL_VOTOS|PAN|PRI|PRD|PVEM|PT|MC|PANAL|PRI_PVEM|PRD_PT_MC|PRD_PT|PRD_MC|PT_MC
15|8|3759|85|134963|138722|21344|41259|32819|4185|3012|3722|6698|11936|7354|1787|553|209
2|1|3863|64|134291|138154|45674|41297|14489|4800|1838|2091|8395|10354|3801|964|371|153
15|19|4410|137|155974|160384|35578|44450|36728|4204|4118|2508|4676|12369|8564|1970|458|214
25|4|9633|22|115892|125525|14806|39659|20149|3363|1140|883|32270||2300|964|289|47
19|6|4690|175|143664|148354|69544|40924|9684|3518|4777|1403|5653|5112|2011|648|85|130
15|37|4439|133|161338|165777|28151|47177|37546|4848|4257|7669|8058|12690|8095|1638|745|331
11|13|6855|57|143974|150829|61420|27771|22932|10578|2063|1548|9523|5136|1892|753|208|93
14|5|6319|92|175231|181550|47488|55663|15556|4176|2790|26488|6667|8880|5155|577|895|804
7|8|15423|88|162425|177848|10729|40605|19223|71823|5767|1389|6737||3301|2460|188|115
24|3|16306|55|135429|151735|49803|57693|7665|4292|6603|2310|4183||1749|733|148|195
4|1|17521|156|181867|199388|50465|83741|14970|4230|2579|5533|14355||4109|906|345|478
15|10|5014|144|185934|190948|28564|56037|44915|7158|4063|3495|7219|18188|12297|2908|696|250
15|21|4310|115|146841|151151|45188|43720|24714|4064|3098|1983|4501|11889|5540|1555|295|179
30|20|5038|32|147793|152831|55860|51767|15075|2746|3256|1701|2339|9875|3545|1296|205|96
9|6|5488|181|163616|169104|22278|27809|59718|5182|6502|4528|5468|8829|18207|3614|885|415
14|3|7312|191|163842|171154|67195|60410|4040|5166|1122|13141|3476|7726|846|148|179|202
5|3|11388|91|167136|178524|69680|58396|15994|8806|3400|2042|4319||3202|869|189|148
30|15|6084|92|177111|183195|47736|70146|26200|4358|3064|2051|3441|11595|5943|1966|355|164
5|7|9831|68|136024|145855|54143|52272|10764|3736|2502|1145|8353||2194|639|119|89
15|2|5242|114|173297|178539|39876|56171|31847|5108|3441|8509|6765|12561|6880|1336|484|205
31|2|5547|53|205058|210605|78022|88781|12014|8382|2320|1271|4331|7733|1435|541|111|64
12|2|11207|125|149712|160919|24224|49161|49094|7051|4043|1856|5025||6068|2406|492|167
7|1|11562|36|186012|197574|25459|44134|34591|51125|8139|2064|2899|6002|6797|4211|339|216
4|2|7036|69|172246|179282|58087|60323|16625|3571|3544|3638|5162|14255|4694|1543|343|392
14|11|5570|117|155047|160617|39737|50721|9005|5699|2718|24314|4720|12045|4378|405|615|573
21|16|14590|48|118730|133320|26561|48693|11601|2636|5313|1316|17114||3429|1653|188|178
30|14|4444|88|150491|154935|37699|56787|28308|2948|2651|1660|1923|9671|6399|1888|346|123
7|3|13450|42|158031|171481|23339|39661|25613|46838|3522|1468|12600||3111|1601|157|79
5|6|11884|128|178282|190166|76662|50925|25033|4619|4239|2198|7706||5122|1245|245|160
25|3|13304|87|138678|151982|42469|61883|12389|4565|1556|1286|10687||2734|711|210|101
28|1|10678|98|161520|172198|76341|48588|14884|3800|1712|1258|11039||2802|755|163|80
20|2|8655|66|126599|135254|26186|44470|33796|2623|4365|9186|996||3228|1061|411|211
15|35|5981|77|160101|166082|28060|64442|28364|3725|6101|5930|6593|11384|3443|1426|362|194
27|5|6176|41|184391|190567|16242|58536|75535|2420|3422|2408|2605|6756|10453|5299|573|101
7|12|8278|103|144552|152830|44963|34813|15592|15646|3384|1614|10598|11808|4116|1530|240|145
32|4|6981|178|165716|172697|27277|67092|21979|8742|6589|1490|7968|17662|4147|2196|224|172
19|5|3963|87|120096|124059|36483|49052|6079|3894|9443|864|3731|7287|2009|954|61|152
6|2|3892|42|129131|133023|50441|52793|8423|3850|2216|1031|1812|6178|1516|640|123|66
15|31|3677|134|131047|134724|12446|36111|44245|3412|2901|5096|4082|9597|10009|2043|779|192
26|1|9480|50|139093|148573|67041|51038|9844|2852|1924|1286|2399||1473|973|143|70
19|11|4213|75|148372|152585|55924|52933|10746|4117|5123|1410|7403|7046|2425|929|98|143
15|32|3940|76|138232|142172|12882|39357|43419|4542|3587|5683|5070|10842|9226|2558|761|229
19|8|4239|94|151988|156227|67047|46146|11494|4085|4878|1523|7641|5676|2402|758|94|150
9|13|5406|155|155074|160480|24902|28038|52740|5024|6979|4061|5594|8252|14891|3370|696|372
27|2|5361|32|154786|160147|4774|55852|62207|1818|1837|1160|1764|8315|10815|5539|583|90
8|6|14008|161|163988|177996|63771|64160|13449|6497|2359|1679|8334||2498|736|224|120
2|2|3824|113|137562|141386|51840|41451|15644|3919|1691|2176|6086|9588|3719|848|355|132
11|12|7618|53|158773|166391|65229|46515|13854|9742|2713|2232|5947|9761|2057|426|154|90
26|3|8274|79|142817|151091|62626|59958|8213|1502|1607|1086|5295||1794|476|96|85
15|28|6241|234|243278|249519|56660|85506|41051|6387|4694|4555|12193|20819|8198|1936|675|370
16|3|13233|65|114859|128092|20276|40766|31292|5638|3612|1203|3487||4830|3170|370|150
30|1|4093|36|135648|139741|51501|51796|11430|2765|1346|984|2608|9849|2387|709|190|47
30|13|5538|64|179074|184612|90306|47733|15348|3682|1688|1780|2502|10443|4136|894|392|106
15|27|6302|156|185275|191577|45919|71059|23352|4696|10622|3789|6436|13629|3758|1451|202|206
7|7|7907|59|130611|138518|30631|28663|18480|23948|5806|1687|9711|6180|3146|1994|178|128
15|3|6560|77|146438|152998|35633|64960|12386|3795|2080|4396|6694|12995|2328|589|342|163
11|11|6285|26|139186|145471|58405|48478|10439|6228|2306|900|2954|7762|1022|553|70|43
14|16|6371|114|173017|179388|47496|54424|10005|6793|2640|27154|5055|13286|4491|455|627|477
14|4|6583|207|171161|177744|47984|58204|10053|5898|2920|22142|5818|12970|3568|418|466|513
19|7|4010|87|123450|127460|52140|38187|9415|2729|4769|1301|6296|5426|2208|700|78|114
15|30|3681|147|133581|137262|14475|35572|44049|3553|4086|5250|4412|9489|9465|2213|656|214
3|1|9494|72|105528|115022|42876|34161|10612|2222|3509|2015|4543||3989|1184|186|159
17|3|7943|179|163209|171152|28421|36974|44145|14229|6219|6312|9064|6137|8435|2081|714|299
9|23|6814|234|188151|194965|37748|24486|70778|4819|9218|5570|4766|6118|18657|4365|808|584
8|2|9451|45|78743|88194|18169|31531|11117|5378|2600|1301|4091||3177|916|221|197
21|4|7971|20|146906|154877|34363|45602|18543|2871|7661|1736|16417|11884|4931|2376|290|212
26|4|12632|47|147909|160541|31813|58137|17746|3879|4500|2729|24113||3124|1281|299|241
21|5|5216|62|137951|143167|34847|35923|16063|3756|5681|2207|16623|13441|6706|2010|315|317
14|7|5915|128|158191|164106|40329|54819|9206|6536|3764|19498|5533|12904|4127|470|422|455
19|1|5257|123|165791|171048|91761|38490|9515|4716|4930|2145|6490|4653|2119|601|90|158
16|2|13488|83|121284|134772|23861|42761|32363|5460|2477|1400|3988||5698|2647|444|102
5|5|13248|81|162339|175587|56722|64924|18013|6115|3664|1653|5606||4127|1057|233|144
12|1|9155|87|140248|149403|8851|54447|57792|4269|1731|5600|1435||3454|2021|463|98
2|7|4258|93|166251|170509|47494|52892|23108|6760|4468|2647|6631|13875|6025|1686|394|178
26|7|11525|47|149363|160888|67301|50646|17830|2601|1525|792|4107||2521|1737|195|61
7|4|10747|78|159063|169810|26711|39761|22295|37948|4061|2325|12534|7777|3475|1757|213|128
15|1|6488|50|165625|172113|36742|77062|15770|3645|4664|4508|4261|14607|2669|1289|230|128
8|3|9776|143|120925|130701|39168|36120|18843|7443|3138|2457|7584||4545|1016|296|172
23|3|5032|192|126991|132023|37958|28691|31852|3888|2481|1700|3468|7801|6506|1887|422|145
24|4|14098|68|128872|142970|36935|44960|14182|9054|4918|6622|7832||2467|1265|319|250
19|12|8305|203|265712|274017|85522|107247|21783|7169|12881|2563|12457|11653|2530|1331|167|206
17|5|7836|126|150749|158585|45230|32629|32999|8288|6999|4484|6169|4609|6375|1964|620|257
9|12|6555|180|170638|177193|33566|32116|51140|6112|7353|4879|5600|10360|15046|3081|783|422
9|17|7878|225|201929|209807|48502|34595|59308|7697|7401|4119|7745|10522|16438|4259|690|428
15|25|3752|86|141312|145064|15015|49229|34054|4258|3117|2659|4834|15400|9601|2259|599|201
14|1|5542|48|166362|171904|54132|61650|13479|3837|4216|11761|5925|8561|1242|377|240|894
9|1|4486|103|136507|140993|15423|19512|52681|4862|6537|3702|4339|6615|17197|4351|773|412
30|17|6155|76|191029|197184|83846|55058|20431|3821|2778|1936|4173|11760|5215|1377|408|150
30|2|5904|55|169234|175138|63460|62171|22938|4155|3212|807|2962|6416|1876|996|141|45
15|26|5917|123|184455|190372|48128|72021|21969|5245|3137|1884|8014|18134|4186|1239|246|129
9|7|5938|218|180312|186250|28429|33006|61322|6293|7517|5001|5428|10504|17774|3533|789|498
11|10|7218|77|141278|148496|60746|35691|12460|13863|2998|1528|7425|4476|1342|504|102|66
9|21|6003|164|159774|165777|19757|28297|55163|6006|8216|4249|6391|8571|17294|4501|702|463
22|2|11148|176|199550|210698|74117|61009|18946|8033|5166|3905|14608|9874|2683|742|171|120
11|5|8603|129|187807|196410|90214|57681|7636|10142|1513|1372|5124|12791|901|216|52|36
12|9|6104|122|133381|139485|13741|35667|38734|4968|2835|8067|3764|10790|10781|2270|1358|284
16|10|10118|245|147335|157453|47097|51801|17769|7219|2597|2561|4062|9829|3012|796|226|121
13|3|12246|53|166094|178340|20722|64310|33945|8586|6374|2030|20356||6730|2474|343|171
15|17|4411|113|153113|157524|20132|42552|40944|4645|3891|3093|9750|13759|11136|2251|618|229
15|36|6566|47|161609|168175|31494|63375|46362|1640|2812|649|2262|7511|2552|2641|213|51
16|8|8386|139|138355|146741|33222|52868|19141|7101|2242|2343|4773|11764|3541|859|256|106
25|5|13354|191|159156|172510|35082|69977|20959|4523|3666|2498|15068||5470|1198|324|200
16|1|10186|65|114266|124452|16865|47214|32171|3504|2131|1160|2733||5562|2357|394|110
14|9|6280|140|155747|162027|41773|49684|9743|5721|3526|22959|5018|11570|4200|411|481|521
27|3|5880|41|179649|185529|6294|55719|80612|2048|2327|2058|3835|7295|12418|6279|649|74
8|7|14831|98|139687|154518|32205|66539|15927|6839|3588|1796|7787||3133|1261|346|168
9|18|4844|174|152462|157306|18779|25423|54355|5415|7232|4571|5267|8451|17912|3692|762|429
21|10|6200|123|163154|169354|66059|28024|22660|3715|6948|3457|7970|10744|10151|2408|511|384
24|1|18424|118|138822|157246|40365|57543|8183|7566|10036|6312|3746||2685|1490|313|465
6|1|5623|109|160963|166586|57230|58077|15608|3834|9017|1914|3806|7054|2883|1075|149|207
11|9|6462|85|161173|167635|70670|58405|7864|5112|1556|1607|3951|9969|1357|420|119|58
16|7|11462|58|126403|137865|27410|41984|34357|7249|3513|1565|3304||4198|2301|327|137
15|22|3841|117|132639|136480|43180|36817|22901|3315|3251|1791|3635|10147|5641|1473|246|125
22|3|14865|171|196917|211782|87794|60191|20863|8030|3937|6765|5255||2836|734|211|130
20|5|7585|47|128295|135880|17322|38079|51060|2320|5038|4148|1257||6375|2017|481|151
31|5|5749|53|209017|214766|83700|88523|15262|4149|3300|851|2477|8136|1285|1024|163|94
7|11|10667|56|160037|170704|30032|41956|28012|33975|6302|1401|2703|8318|3635|3261|265|121
15|9|7593|88|174381|181974|31111|75611|14059|5244|7404|12779|6999|15639|3798|894|487|268
11|1|6875|73|123899|130774|49054|43086|8714|7253|2022|1000|5559|5886|752|386|65|49
5|2|11733|56|167538|179271|61226|67710|17088|5284|3665|1869|5783||3285|1145|259|168
16|6|14958|65|118908|133866|34233|41511|22594|5439|2154|1328|4403||4552|2139|387|103
10|3|14886|46|151016|165902|48738|72648|7291|6797|6799|811|3593||2671|1284|128|210
19|2|4172|91|175115|179287|58074|71083|12028|5474|5327|1472|8773|9222|2522|824|92|133
31|3|6185|144|213254|219439|87725|79818|15088|4181|2418|2487|4479|12995|2920|620|245|134
11|2|8380|59|131950|140330|58328|39376|10442|6972|2143|2334|6001|5163|700|289|83|60
15|40|6200|116|158962|165162|33958|66277|23576|4217|5389|3460|6119|11921|2303|1255|202|169
29|3|13437|58|150855|164292|37637|38149|32595|4695|5765|4012|13227||10975|2829|618|295
11|8|7719|69|177234|184953|80801|49012|12649|9956|2878|2420|10431|6551|1794|469|123|81
14|12|9883|157|249333|259216|61558|70422|17806|9745|3617|53711|7539|16045|6053|579|1050|1051
24|5|9360|373|156642|166002|73249|29859|18845|8623|3662|3302|6071|7585|3740|914|222|197
20|11|10045|29|142694|152739|18931|47767|53534|3467|4776|3457|1713||5799|2668|417|136
30|4|4994|104|165350|170344|81627|41482|16477|2843|2282|2391|3662|8562|4654|828|301|137
16|4|10977|48|124353|135330|37575|50323|21824|4293|1493|1177|2887||3015|1408|252|58
16|12|9366|61|102297|111663|20953|42262|25764|3463|1741|798|1827||3308|1781|293|46
9|9|5381|179|164219|169600|24337|31279|55726|6105|5667|4280|4566|11136|16370|3337|799|438
31|1|3922|45|196400|200322|80133|85911|11488|3183|1154|652|4432|7888|917|500|68|29
30|16|6286|203|179832|186118|66891|50684|28492|3553|3207|4101|4261|9344|6752|1636|499|209
32|1|4885|44|154842|159727|22075|62017|12334|7936|18901|944|6165|16495|4651|2852|155|273
11|3|8531|131|187692|196223|84790|59963|7961|9301|1582|1325|6023|15194|996|276|73|77
13|2|11492|79|151473|162965|22418|58751|33706|6223|8504|1780|10834||5932|2688|376|182
27|6|6675|109|195624|202299|10354|61671|74399|3486|3311|4439|3292|11104|17312|5036|974|137
7|5|11309|104|155642|166951|18948|54333|28470|30217|3210|1900|4514|7974|3915|1708|246|103
13|6|11702|124|173697|185399|53682|56040|27223|6373|3920|2897|13775||7289|1707|396|271
16|9|14498|115|129922|144420|34530|44110|27792|7788|3059|1492|4112||4423|2055|300|146
15|20|3523|167|134840|138363|17910|39055|39265|3616|3480|4765|3799|10561|9566|1756|650|250
7|10|14569|45|148369|162938|30008|35477|18591|47536|3229|1426|7478||2803|1517|172|87
25|7|13314|100|132268|145582|27593|61849|13796|4792|2231|1526|15572||3691|784|222|112
14|10|8652|226|174643|183295|66337|43100|10829|6270|2647|23852|4377|11266|4278|432|537|492
27|1|5625|37|156863|162488|15094|58145|52246|2219|3070|4700|1386|7226|8688|3139|771|142
18|1|9965|24|123931|133896|21252|59537|25749|3065|3105|1360|2561||5106|1694|343|135
24|2|10522|272|150172|160694|43323|39317|24148|11375|4508|2966|10615|7886|3521|1616|287|338
1|3|12034|209|144176|156210|57508|45599|12902|8096|2571|2272|11576||2562|593|160|128
15|14|4871|122|166300|171171|47194|43929|32195|4431|4205|2923|5914|12936|9632|2063|529|227
30|9|6475|59|168757|175232|56979|57248|24285|3666|3442|1916|3788|10213|5095|1573|351|142
9|26|7715|441|194798|202513|50476|36365|53659|5675|9195|4423|5758|8636|14880|4129|681|480
18|3|13329|78|148139|161468|38062|66625|17678|4388|6037|2327|5072||5494|1861|274|243
19|10|5063|122|136662|141725|56694|45686|11442|4407|3437|1547|4449|6032|1998|635|90|123
7|9|13002|228|153926|166928|21579|20627|35950|24487|4810|3112|15136|15665|8975|2706|442|209
9|25|5726|200|161827|167553|22124|22847|58323|6215|9009|4821|5666|7468|19002|4661|780|711
9|8|6343|210|185318|191661|37122|34388|58120|6059|7911|5235|5257|10128|16470|3214|775|429
8|1|17100|127|157822|174922|31402|61613|25081|12542|4996|2820|9516||7225|1820|419|261
15|23|8365|59|179619|187984|40511|67745|31793|4066|6787|2166|6243|13754|3191|2967|198|139
30|7|5147|40|151148|156295|51748|51946|16536|3692|2232|1356|7306|10485|4198|1234|275|100
28|7|9367|118|176435|185802|63206|52060|35006|6450|3633|2215|6067||5665|1474|390|151
27|4|4960|63|173483|178443|7859|42030|74052|2918|4241|4492|2981|8706|19536|5261|1126|218
21|13|4346|63|124125|128471|40878|34526|15189|2638|5580|2155|5155|9553|5812|1943|341|292
21|14|5239|52|121080|126319|18380|37566|21502|2616|5410|2133|9619|11773|8390|2901|408|330
9|20|6103|187|177681|183784|31306|30044|55706|6047|10868|5476|6719|8499|17447|4121|640|621
21|9|5817|112|168282|174099|59838|24782|27382|3916|7180|4113|13351|10941|13221|2437|549|460
9|22|4792|142|148624|153416|12742|20087|55970|5448|8353|4451|4817|7535|22053|5555|860|611
25|8|11589|155|120004|131593|43898|40897|11786|5744|2967|1879|7295||3992|990|237|164
32|2|5587|40|150832|156419|39309|57770|20384|6443|3298|1125|5930|12111|2669|1461|194|98
9|19|4663|110|150450|155113|14739|20283|58382|4774|7642|4430|4858|7271|21677|4876|827|581
30|11|4411|82|175509|179920|22405|63042|50926|3262|2541|2099|2269|13166|12030|2915|643|129
30|8|6149|103|192309|198458|67262|55316|33161|4644|4123|3454|4269|9739|7512|2050|480|196
14|6|9279|230|195137|204416|73646|58100|11301|5974|2582|20722|5143|12501|3639|430|499|370
19|9|7196|44|175735|182931|46371|76700|6017|2718|10917|982|20937|9070|1076|708|63|132
25|6|11013|82|124328|135341|40410|57257|10329|3016|1487|921|8474||1633|569|102|48
8|4|10757|67|90075|100832|20684|31856|13261|6877|3820|1645|5984||4235|1250|227|169
14|19|6213|57|168999|175212|46963|58654|20522|5127|2980|13752|8622|8222|2429|669|444|558
14|8|7303|162|166771|174074|57691|51422|10523|4703|2564|20582|4155|10737|3077|318|433|404
28|3|12630|111|209086|221716|78708|75778|27494|5840|5171|2330|7480||4351|1346|314|163
9|14|5606|158|164008|169614|21860|23518|59730|5738|8335|4443|5206|8277|20598|4778|863|504
25|1|10348|38|124187|134535|51234|53849|8997|2141|954|589|4649||1105|480|114|37
30|10|7366|206|173944|181310|45813|31995|50912|3939|5169|4229|8543|7676|11710|2767|686|299
24|6|9094|454|152376|161470|57760|35170|19928|8667|3435|3553|8837|8781|4346|991|291|163
14|18|6570|66|175911|182481|63206|56374|13699|3858|1751|15816|11219|6790|1948|435|388|361
24|7|21089|300|155852|176941|51610|52484|19835|6735|5741|6820|7660||2438|1178|768|283
5|4|12456|84|142803|155259|48361|61539|12537|5660|2891|1382|6658||2611|786|164|130
23|1|7191|186|235856|243047|44606|69426|57310|10324|5085|3497|7740|18180|14042|4335|859|266
10|4|11033|97|169106|180139|42041|63168|11356|3854|33378|1496|4574||6049|2375|115|603
30|18|7151|89|164713|171864|44762|55199|36363|5285|2480|2306|2743|8441|4560|1987|392|106
20|6|10256|95|116944|127200|14456|29328|39768|5053|6736|9492|2919||5724|2612|550|211
15|29|3405|104|132355|135760|13981|38968|40445|3586|3368|5079|3989|10522|9440|1975|706|192
12|5|11046|39|156185|167231|15558|48084|57044|2370|14682|9319|2255||3114|2908|536|276
2|3|3684|73|143431|147115|33779|47195|26955|4438|5547|2306|4961|9539|5858|2197|389|194
13|4|10665|67|135578|146243|42437|51783|19115|7232|2436|1135|6657||3152|1235|226|103
9|15|9263|247|233025|242288|86764|40130|56105|6147|10366|5436|5364|8216|10893|2356|562|439
20|7|11436|40|140488|151924|19921|59087|41059|2607|6384|3152|1395||4374|2095|281|93
15|39|4952|143|165257|170209|14626|51404|48176|5431|3769|6348|6800|15045|10017|2468|777|253
19|4|4304|93|159380|163684|87279|33723|12127|4378|5323|1398|7139|4616|2317|778|105|104
9|11|5236|193|155206|160442|24885|25967|55482|4838|6764|4339|4973|7954|15336|3352|703|420
32|3|6249|159|156839|163088|29181|62307|19986|7599|6887|2102|7400|15294|3692|1859|252|121
9|2|6224|193|173452|179676|45890|30121|49579|5498|7671|4283|5077|8004|13246|2900|611|379
15|13|3917|123|143128|147045|19640|43680|36811|4166|3552|2583|5085|13934|10518|2265|510|261
15|7|5640|195|196925|202565|54037|51186|41445|4949|6781|3617|7518|13971|10080|2418|423|305
15|4|5339|110|193192|198531|41881|55775|40812|5493|4237|6780|7552|16344|10559|2692|690|267
2|8|3879|141|178538|182417|49460|48813|32812|7373|4799|4650|7514|11905|7980|2165|655|271
11|14|7031|42|133428|140459|50059|34213|20722|7408|1980|6001|3794|6148|1902|824|236|99
15|15|5634|130|171320|176954|61417|41993|30954|4605|4293|3033|5687|10418|6558|1606|408|218
3|2|11389|106|122923|134312|45484|41909|14094|4442|2928|2613|5012||4513|1367|291|164
28|2|10631|71|161440|172071|61034|57646|17887|6208|3620|2268|6873||4401|1062|241|129
2|4|3558|55|154169|157727|41986|38008|24966|6257|9054|3213|10663|9808|7144|2305|424|286
11|4|9126|116|161472|170598|65076|55492|11441|8426|2655|2005|6737|7695|1229|437|91|72
15|34|5721|152|179748|185469|49813|68662|24128|4421|2917|2039|7622|14588|3792|1235|250|129
15|33|7058|177|198109|205167|27404|65412|41609|5675|6380|19238|7513|13730|7859|1633|1006|473
21|12|6144|152|178258|184402|58671|32864|29592|4554|7872|4046|14123|11497|11720|2235|472|460
19|3|4237|86|179433|183670|72940|67118|11112|4234|5653|1292|4966|8597|2335|870|113|117
21|3|6393|53|143407|149800|51714|38437|14042|3729|6623|2129|6505|12230|5599|1761|289|296
9|4|5154|158|161240|166394|23989|23275|55719|5659|10140|4965|5115|7188|19312|4395|730|595
7|2|9369|60|150406|159775|15565|54290|33249|27396|5255|887|6113|2938|2361|2146|94|52
20|9|11280|142|132111|143391|34460|35228|35455|6394|3940|3591|4650||6072|1619|409|151
20|4|10333|93|116202|126535|25888|32092|31211|4996|5656|3077|6841||4200|1651|330|167
2|5|3458|124|140813|144271|48353|32532|24447|5991|3948|3426|5460|8571|5696|1611|457|197
20|8|12010|278|167052|179062|38898|39625|45791|10710|5379|5857|7350||10340|1992|585|247
30|6|4148|45|138886|143034|39266|44170|26059|3463|3527|4699|3750|6775|5045|1457|481|149
22|4|16095|195|207192|223287|81479|73801|24863|7704|4073|6129|5173||2650|788|239|98
16|11|12921|85|122788|135709|20541|39649|40453|5915|2382|1607|3589||5304|2753|399|111
26|5|7770|111|133858|141628|70395|46846|7532|1635|1949|1042|2176||1574|428|88|82
21|7|5406|53|134908|140314|25751|30164|21869|3134|5783|1965|18917|13313|9670|3532|448|309
12|8|13562|55|140213|153775|30157|34851|46457|10986|5427|1569|2761||4299|3076|465|110
9|3|6024|188|181672|187696|35711|32552|58534|5739|7060|4944|6065|8951|17253|3396|796|483
17|1|8895|229|177142|186037|42198|41361|45208|7904|6195|5555|7670|8189|9323|2412|570|328
2|6|3875|89|154418|158293|43542|45211|24402|6020|3453|3810|6754|12382|6487|1533|532|203
13|7|14622|48|171725|186347|33252|64692|28624|7542|4065|2711|20172||7688|2199|503|229
15|5|6032|91|204063|210095|33662|71155|46588|5567|7523|7705|5949|14913|7510|2389|638|373
14|17|6122|90|174213|180335|53374|58870|11760|6632|3941|19004|7711|9452|2085|374|307|613
21|1|8629|63|157013|165642|51123|48041|18809|3413|6203|2061|3797|13530|6838|2437|403|295
20|10|10582|72|119851|130433|32334|25458|27897|19396|4419|3044|1820||3526|1386|346|153
9|5|6170|235|163137|169307|48464|25757|46975|4507|8091|4220|4226|5448|11602|2626|546|440
28|6|10302|50|154948|165250|59070|60034|9644|10253|1533|868|10484||2063|714|156|79
11|6|8244|136|185010|193254|82391|57270|8295|10471|1712|1462|6252|15376|1213|321|54|57
8|5|12768|73|160327|173095|53052|72698|12453|4875|2672|1320|9381||2526|929|197|151
9|10|7494|223|204421|211915|63020|37791|55040|5573|6457|4288|5555|8791|13919|2799|600|365
31|4|5800|126|196845|202645|89842|70000|12849|3560|1882|1943|4098|9666|2047|587|158|87
13|1|13069|85|157128|170197|30727|69462|33143|2689|3482|1458|11008||3152|1579|256|87
25|2|11314|87|159734|171048|55702|47534|19283|5258|1994|1634|22951||3793|1074|306|118
26|2|11739|96|144912|156651|64338|57487|9269|3849|2298|1796|3302||1691|554|149|83
20|1|9782|52|141992|151774|44457|42491|27126|4260|4319|7709|3439||6101|1290|533|215
15|6|5482|146|195715|201197|43135|51576|50277|5148|4276|3532|10012|14390|9915|2563|570|175
30|21|5059|36|163902|168961|35119|55661|44626|2744|2711|2188|1736|8964|7227|2314|469|107
16|5|12123|68|129833|141956|40432|46305|22797|6395|2634|1486|4030||3745|1579|280|82
5|1|11067|88|141665|152732|55085|57529|11639|5576|2465|1551|4472||2308|672|161|119
1|2|14691|315|164833|179524|51578|51317|17585|9837|4440|3683|20528||4243|861|282|164
17|4|7173|95|147812|154985|25851|43980|35452|9519|7552|5957|4371|5235|6935|1911|615|339
14|15|6153|70|159944|166097|53400|57010|12639|5374|5417|8948|4706|8904|1836|534|312|794
15|16|4983|125|167533|172516|24389|52423|41497|5378|4497|2968|7289|14961|10232|2880|638|256
9|16|6681|192|185491|192172|38835|27669|61199|6073|7407|4688|6735|8908|18322|4112|911|440
10|1|12697|87|135195|147892|37172|67548|5263|3586|13589|615|3227||2544|1292|68|204
17|2|7772|213|166874|174646|33870|39553|44961|9720|4525|3370|10549|8202|8675|2406|615|215
12|4|5712|107|143275|148987|12882|34310|38637|7565|2967|12931|4294|12151|13304|2072|1648|407
29|1|16829|92|157078|173907|43093|48664|26379|7687|4888|3051|14192||6341|1945|502|244
23|2|5255|64|150584|155839|21222|50920|30712|4063|6310|1831|11702|11872|7799|3521|369|199
15|38|6441|806|165857|172298|18594|40727|41442|4477|3685|21021|7799|12765|10689|1915|1309|628
20|3|11748|493|137612|149360|24856|49261|34541|5651|4361|4782|3990||7018|1985|496|178
9|24|7051|256|184988|192039|51201|31441|56586|4970|8167|4482|4332|6983|12755|2825|580|410
11|7|6379|62|158719|165098|66466|56328|9827|9159|1170|914|3776|9442|1051|389|98|37
22|1|15518|56|187441|202959|56505|86287|14062|11044|3207|6308|7724||1349|611|185|103
10|2|15960|81|168932|184892|52139|74151|18879|5888|3951|1695|5171||5171|1389|271|146
1|1|12054|114|138830|150884|39408|47803|8810|7888|4618|1534|25679||2014|688|116|158
14|13|6513|160|166252|172765|49023|51707|10190|5853|2790|24339|5162|11747|3852|389|526|514
30|5|4589|96|147092|151681|44463|51594|19601|3205|2259|1396|9752|8965|4113|1251|268|129
12|7|12434|95|146888|159322|13160|45003|56425|5464|3234|7557|3511||8629|2638|942|230
9|27|5188|186|153218|158406|16777|27202|54173|6312|7204|4371|7412|8732|15787|3901|695|466
8|9|14913|131|134065|148978|33999|77589|6381|3325|1963|644|8289||1050|506|104|84
28|4|11374|66|147127|158501|56750|54825|12280|5815|2348|1682|8894||3479|681|178|129
13|5|12997|61|171802|184799|27116|67220|40387|11623|3194|2417|8456||8084|2557|509|178
15|24|3353|154|123757|127110|25002|41958|24304|3537|2765|1882|3525|11856|6529|1747|331|167
15|11|4572|153|157344|161916|26866|48997|37637|4966|3682|3116|6130|13767|9104|2125|547|254
18|2|12588|116|154317|166905|27111|67331|24313|5420|4370|3259|12781||7546|1387|406|277
12|3|11666|28|139464|151130|6473|53874|49661|2696|1759|3217|11913||6097|2922|662|162
21|15|4930|95|139891|144821|37956|34835|18551|3391|6614|2393|13513|11895|7556|2441|344|307
21|11|6364|182|178140|184504|67037|31131|26208|5203|7919|4039|8150|13448|11485|2378|469|491
15|18|6250|122|196728|202978|53854|64361|33998|5693|8424|2846|6229|12886|5855|1918|336|206
12|6|13116|77|153131|166247|13592|57883|46418|6463|8143|10168|3326||3839|2143|863|216
14|14|6627|117|162925|169552|50232|46226|9290|7576|2619|24109|4339|12908|3954|431|596|528
29|2|13461|124|167140|180601|37219|47739|34781|10780|7563|4164|11051||10211|2736|482|290
7|6|12287|136|164521|176808|34106|38368|27083|34588|4187|2092|5584|11217|4727|2090|239|104
28|8|7888|97|155866|163754|73170|46489|18568|4552|1717|1568|4750||3801|816|231|107
28|5|10950|74|168636|179586|52374|69934|14143|4686|5193|2020|14476||4198|1134|221|183
30|19|5650|56|145618|151268|51083|43816|22661|3346|2522|1760|3390|9720|5051|1614|443|156
21|6|6147|176|172642|178789|51761|35860|26806|4998|7441|3749|11446|14311|12501|2669|479|445
14|2|6356|89|158803|165159|65136|55573|7206|6384|1067|7266|4673|9949|911|243|166|140
21|2|6436|62|143217|149653|33217|44554|15582|4065|5314|1591|12488|17525|5954|2292|329|244
8|8|15666|164|159646|175312|55186|62921|12933|8346|4378|1578|9902||2978|910|227|123
15|12|6910|712|205172|212082|35964|58783|52464|7340|4385|6659|9101|15033|11266|2430|747|288
26|6|12642|82|156166|168808|48111|74829|17476|2256|3406|2039|2730||3749|1043|281|164
21|8|4937|55|125386|130323|35678|28510|18242|2674|6635|1838|5512|12195|9141|4097|406|403
