ID_ESTADO|ID_DISTRITO|NUMERO_VOTOS_NULOS|NUM_VOTOS_CAN_NREG|NUMERO_VOTOS_VALIDOS|TOTAL_VOTOS|PAN|PRI|PRD|PVEM|PT|MC|PANAL
19|7|2419|46|126701|129120|50994|37490|19682|4473|7740|3145|3131
30|6|3468|14|142607|146075|45463|46666|30870|6470|5434|5538|2152
17|5|4785|39|155326|160111|25429|45693|48995|9144|12910|9267|3849
16|11|4835|76|131737|136572|21839|46854|42403|7807|5830|4124|2804
22|3|4484|114|209797|214281|78593|63248|40622|7842|7555|6464|5359
13|1|7578|35|163502|171080|29982|70726|42253|5001|5969|3572|5964
28|2|3701|47|172558|176259|70252|50546|28458|6523|7256|5579|3897
21|7|4078|19|136793|140871|26589|42290|34576|9471|13306|7319|3223
14|15|4626|39|163671|168297|55534|64314|17633|8473|6059|8164|3455
26|7|4806|24|158103|162909|51369|54763|35104|6439|5225|3654|1525
15|3|5090|26|148178|153268|28570|81934|16786|9903|3415|4476|3068
11|1|5350|44|126551|131901|49400|49253|11445|8451|2486|1373|4099
14|12|6799|96|254635|261434|77416|86602|27614|15353|8537|31332|7685
21|14|4310|32|123440|127750|20783|44309|30872|8111|10902|6454|1977
17|3|3817|69|169361|173178|26634|47114|56297|11522|12539|11079|4107
10|3|3379|23|164485|167864|44903|80308|13842|9352|10181|2897|2979
16|12|2645|26|109732|112377|20800|46169|29111|5758|3992|2434|1442
21|12|3138|83|183733|186871|56218|39646|47566|8633|15913|11105|4569
19|8|2625|41|154866|157491|64409|42358|24651|5425|8984|3956|5042
2|7|3110|68|169407|172517|46182|59427|33872|10906|8256|6190|4506
7|10|7712|12|155873|163585|34245|39254|31634|34680|7190|4428|4430
16|9|3923|70|142213|146136|26978|55579|36700|9223|5845|4126|3692
9|13|3001|208|158371|161372|24943|36180|61014|7109|14652|11118|3147
31|4|3817|75|201885|205702|77645|69516|32105|8202|5006|4822|4514
15|30|2633|101|136258|138891|15819|43310|49182|7250|9042|8458|3096
15|8|2467|66|136914|139381|22037|48554|39715|8785|7258|6829|3670
27|6|5091|76|199578|204669|12013|56637|96204|7238|13596|12643|1171
30|7|4275|24|154295|158570|52954|51293|28917|7885|5617|4430|3175
30|20|4197|15|151251|155448|53581|53133|25714|7135|5925|4274|1474
20|8|2564|62|179767|182331|36385|47339|61301|7779|11571|11954|3376
15|37|2686|103|163687|166373|26715|58756|44950|10203|8790|9698|4472
12|7|4292|33|158131|162423|15783|53450|56554|9997|8378|11292|2644
19|3|2783|54|181797|184580|76456|49549|28277|6577|11096|4245|5543
15|23|6647|34|182228|188875|40210|86543|31109|11056|7039|2791|3446
25|5|3299|195|171186|174485|36299|70388|36108|11145|7395|6544|3112
12|9|4008|22|138021|142029|18178|40935|46344|9109|9047|12060|2326
11|14|5307|23|137043|142350|50456|45177|20562|8767|3158|5597|3303
26|4|6203|63|155431|161634|44528|54402|33686|5969|8438|6021|2324
9|2|3435|165|178632|182067|41352|40829|60192|7320|14595|10831|3348
3|2|2915|63|134365|137280|40464|47329|23953|7683|6504|5734|2635
22|1|7704|34|198159|205863|56049|90676|25519|10227|5182|5929|4543
24|6|4220|154|158042|162262|55533|40037|32732|9181|7123|6102|7180
9|27|2725|90|156772|159497|15665|35121|66742|7487|16273|12281|3113
12|6|6105|29|161199|167304|16968|60881|50538|8209|10547|11382|2645
7|3|8882|40|164179|173061|23662|42278|34507|42860|6747|3659|10426
19|9|6173|25|177574|183747|53817|76184|14563|7160|11893|2678|11254
10|1|3494|42|146229|149723|38438|72624|9943|7912|12040|2398|2832
21|4|6766|17|149038|155804|35473|56559|28071|8652|12118|4606|3542
21|6|3783|73|176683|180466|49069|39862|45723|9803|16021|11137|4995
15|17|3078|102|155837|158915|21296|52230|49273|9975|9990|8572|4399
14|13|3273|133|169855|173128|54552|56384|20926|9579|6531|16858|4892
4|1|4707|56|197009|201716|55132|72604|33762|10235|7571|11002|6647
9|4|3014|109|164219|167233|23252|32098|65527|6572|19944|13710|3007
18|3|4087|46|160241|164328|35106|72257|26967|8422|9338|5605|2500
21|8|3601|31|128174|131775|26045|38948|30767|8852|14473|7108|1950
15|22|2498|87|134508|137006|39426|42864|30683|7278|6773|4719|2678
10|2|3234|68|182507|185741|54686|71638|28660|10105|7926|5163|4261
28|4|3602|41|157875|161477|61298|52548|22462|7329|5595|4699|3903
15|24|2565|78|125577|128142|25047|45330|31959|8223|6816|5220|2904
20|10|5290|55|126585|131875|30983|33262|37230|12187|6726|4980|1162
11|5|4419|79|193952|198371|94510|66209|12769|11882|2221|1676|4606
15|27|3511|116|190208|193719|45115|83866|30299|10912|10125|4663|5112
16|8|4453|417|143433|147886|28111|60128|29637|10706|5131|5178|4125
15|25|2960|65|142440|145400|18414|51781|42169|10588|8617|7267|3539
9|19|3052|73|153051|156103|16219|30484|64850|6865|18012|13716|2832
16|4|3594|34|132769|136363|37734|50122|28765|6805|3781|3152|2376
6|2|3118|42|132272|135390|45955|50702|19859|6055|4606|3157|1896
9|24|3482|211|189893|193375|46741|42435|64935|6581|15158|10698|3134
24|5|3809|154|164755|168564|65974|41792|30523|8572|6717|5555|5468
5|1|2897|40|151085|153982|57491|58349|17275|6916|4444|3306|3264
1|2|4993|191|176621|181614|50467|59261|29957|9348|8278|6772|12347
28|5|3394|52|177453|180847|59608|64479|26071|7427|9543|5679|4594
15|5|4003|65|207843|211846|35412|82747|52032|11671|11231|10387|4298
2|4|2622|42|158669|161291|39365|46952|37360|8729|13287|7462|5472
16|7|3897|49|134755|140081|27269|48956|39933|7247|6476|3851|2403
20|5|2530|35|135861|138391|21440|44485|50903|4280|7321|6243|1154
5|7|2661|59|144986|147647|59765|48678|18801|5785|4687|3076|4135
15|21|2935|109|148830|151765|42553|49495|33363|8549|6670|4831|3260
28|6|3423|26|165072|168495|68388|65811|15681|6485|3534|2713|2434
30|21|4312|21|166171|170483|39881|56011|49845|6584|6874|5556|1399
20|2|4211|46|132314|136525|22387|48434|40047|4000|6190|10547|663
19|4|2641|56|161843|164484|78848|35363|25185|4838|9037|3554|4962
13|4|4277|30|144597|148874|29713|54651|35718|7129|6632|4455|6269
15|29|2609|76|134176|136785|15589|44335|46232|7595|8550|8812|2987
9|23|3664|147|192323|195987|32245|34521|82701|5976|19331|14469|2933
13|3|3874|35|174993|178867|23816|70209|45542|8238|11646|6296|9211
12|8|8128|36|146258|154386|25889|38617|55680|10670|9709|4352|1305
13|6|3031|76|185150|188181|42555|57804|48029|9168|10599|8326|8593
5|5|3590|53|171384|174974|56466|65388|26179|8550|6596|4247|3905
23|3|2443|117|132226|134669|37709|29612|43218|5978|7112|5659|2821
26|5|2964|56|141019|143983|56020|45708|22779|5409|5117|3577|2353
15|31|2855|94|132287|135142|14466|42733|47852|7203|8053|8647|3239
9|15|4517|337|239802|244319|77750|54121|68501|7900|16452|11115|3626
15|38|3552|96|169365|172917|21723|56350|46350|10646|9576|20678|3946
15|20|2330|112|137041|139371|19299|42962|46455|7502|8886|8899|2926
15|10|3625|113|187705|191330|27954|65603|55047|13455|10919|9525|5089
30|9|5217|18|171702|176919|56831|51067|40051|7283|7473|5621|3358
23|2|3781|32|154446|158227|23800|54880|46126|8588|11630|6250|3140
15|26|3688|88|188763|192451|46677|83467|29916|12966|5771|4115|5763
9|18|2896|103|155348|158244|19917|35729|60604|7679|15841|12329|3146
14|5|4798|79|179776|184574|49795|60374|27237|7753|7030|22979|4529
9|22|3293|69|150034|153327|13571|28751|64646|6871|19265|14070|2791
30|13|4285|32|181810|186095|80792|53916|27396|7848|4733|4872|2221
20|11|4044|23|151011|155055|18574|51716|58873|5790|8598|6276|1161
16|1|2847|28|123861|126708|19144|45971|40340|6026|6219|4407|1726
24|7|10869|56|166997|177866|45355|61492|29030|9668|8378|8204|4814
9|16|4029|152|189386|193415|34675|39225|72644|8071|17432|13454|3733
7|2|6533|27|153723|160256|17823|57011|38515|26260|8140|2294|3653
20|3|3502|35|147167|150669|24304|49758|46216|7085|8984|8658|2127
30|18|5831|30|167174|173005|47808|53772|45744|7104|5840|5017|1859
30|8|4242|52|196382|200624|65914|55739|47402|8078|9074|7399|2724
5|2|3302|49|176206|179508|62613|69089|23569|7112|6033|4122|3619
16|6|4333|108|131758|136091|28699|53239|27957|9472|5310|3680|3293
30|14|3376|52|152861|156237|39511|48574|43638|6392|7362|5736|1596
3|1|2265|32|115154|117419|35090|43608|17452|6639|5394|4600|2339
11|10|4894|42|145981|150875|61759|45099|17740|10818|3710|2217|4596
9|17|4172|152|207183|211355|45083|48987|70484|9930|16444|12045|4058
15|35|3920|39|164614|168534|27717|74109|35076|8988|7539|6438|4708
14|7|4534|85|161504|166038|45989|60974|17548|10965|6657|13806|5480
17|2|4011|71|173233|177244|35282|52931|52745|10844|9513|7293|4554
30|3|3586|43|145604|149190|49481|55063|22874|7846|4215|3270|2812
19|2|2614|51|178096|180710|65972|57833|25880|7822|10026|4115|6397
11|6|4554|359|189202|193756|85631|68548|12759|12813|2516|1880|4696
8|5|3565|50|171029|174594|47964|76906|22372|9029|5376|3639|5693
25|4|4217|21|123164|127381|22349|56441|28717|6155|3642|3182|2657
11|7|4537|36|162771|167308|67207|65402|13294|10246|1938|1537|3111
15|16|4007|88|169383|173390|24132|63341|48728|11252|9876|7712|4254
21|9|3394|71|172650|176044|50447|35935|44956|8748|15774|11837|4882
7|6|7508|17|171486|178994|31416|44837|43496|31369|10372|6704|3275
18|2|3300|45|166988|170288|26241|62502|42844|9080|11532|9896|4848
17|4|4158|34|153458|157616|23369|50996|46019|9295|11512|9607|2626
20|9|4113|62|141853|145966|31821|42548|43799|6769|7633|6806|2415
19|5|3317|31|121385|124702|36930|45324|14707|5889|12664|2765|3075
17|1|3552|86|186757|190309|46960|50371|56346|8881|11594|8565|3954
21|16|6606|9|127657|134263|31454|52956|20593|6077|9439|4117|3012
15|7|3363|172|200220|203583|46155|60698|54936|10717|12834|9235|5473
11|11|5105|17|141178|146283|50975|60238|13887|8690|3242|1535|2594
7|9|5708|85|163328|169036|24574|35065|52902|24107|13032|10195|3368
12|1|3510|15|146581|150091|9794|60357|57230|7142|4228|6938|877
15|19|2980|100|158066|161046|32901|51070|45121|9011|9182|6994|3687
15|32|2856|44|140066|142922|14479|49158|47124|8772|8423|8660|3406
26|1|3384|29|146788|150172|54118|57817|19037|6874|3869|2746|2298
25|1|4512|15|130958|135470|42941|61787|15525|5241|2122|1686|1641
21|10|3211|55|167742|170953|53568|35731|41332|8019|14582|10379|4076
28|3|5240|302|218571|223811|92938|72591|29725|7427|6451|4703|4434
16|3|3955|45|124822|128777|21726|51171|31223|8207|6714|3539|2197
11|9|4220|68|164696|168916|67099|65746|14102|8464|2761|2364|4092
7|12|5924|26|149681|155605|44623|43120|29510|15743|8350|5659|2650
15|18|4033|60|199751|203784|48117|78787|42237|10442|10580|5652|3876
15|13|2917|106|144891|147808|20187|50040|44458|9734|9242|7502|3622
30|11|3585|59|180135|183720|31054|48987|70439|7831|10443|9078|2244
5|4|3065|60|153962|157027|51325|60634|20170|7961|5353|3461|4998
30|17|4967|67|191673|196640|81643|57883|29563|8524|6161|5046|2786
28|7|3573|54|183368|186941|80696|48982|32752|6114|5925|5084|3761
10|4|3013|50|179025|182038|56214|60285|25017|8413|17765|5935|5346
30|5|3451|58|151263|154714|49658|49180|32556|6547|5672|4445|3147
21|13|3123|31|126247|129370|37908|40347|23855|6475|9925|5551|2155
30|1|3274|30|137863|141137|51644|53739|17689|7352|3207|2455|1747
14|16|4205|70|176465|180670|55174|62344|18976|11239|6342|16834|5486
27|1|4593|8|160061|164654|14909|55475|66821|4988|8395|8797|668
16|10|4642|117|154752|159394|39513|60156|30386|9556|5475|5293|4256
29|2|3102|31|179781|182883|32902|51570|54294|8779|15903|10983|5319
21|2|5315|105|146187|151502|35061|55435|24977|11932|9851|5025|3801
21|5|3434|28|142371|145805|31902|47479|29215|10251|12019|7180|4297
32|2|4328|49|154401|158729|40071|68165|22761|10918|5189|2643|4605
28|1|3909|66|171750|175659|86822|47609|18684|6224|3762|3197|5386
15|9|6292|29|177152|183444|29461|92517|20612|12046|8416|10129|3942
27|5|4460|7|188414|192874|16244|53833|94497|4513|10916|7520|884
30|16|3615|63|186253|189868|73724|46877|41569|6866|7255|7080|2819
25|8|3148|79|130902|134050|34484|48519|24517|8793|6813|5102|2595
15|33|4316|84|202507|206823|28720|78780|50877|11383|10795|17296|4572
30|4|2994|45|170793|173787|83149|39180|29001|5762|5689|5667|2300
20|4|5170|49|123687|128857|26685|37175|38916|5246|7791|5424|2401
32|1|3911|35|157990|161901|26509|68003|19834|14340|20088|3634|5547
27|4|3307|29|176836|180143|8676|40279|92369|5885|14984|13404|1210
2|2|2795|69|139454|142249|49543|45209|24175|7599|4463|4812|3584
28|8|2287|44|163420|165707|80729|38999|25838|5301|4645|4506|3358
15|4|4072|98|196554|200626|39167|68275|50455|12155|10454|10527|5423
25|7|3959|94|142489|146448|31033|62144|25400|9881|5492|4657|3788
9|9|3247|117|168447|171694|26029|43728|60061|8992|14064|12005|3451
13|5|3020|35|181617|184637|28545|69046|50081|12597|8615|7035|5663
19|6|2300|63|147358|149658|70586|35683|21748|4469|8001|3254|3554
2|8|2915|51|182768|185683|45884|55996|45949|10228|9931|9208|5521
9|25|3002|97|167230|170232|21229|32123|70771|7014|19156|13901|2939
31|1|3454|11|198055|201509|78748|83687|20543|7012|2698|1800|3556
7|8|9224|28|171156|180380|19949|41273|34482|54020|11155|5197|5052
12|3|4470|10|149690|154160|10226|55342|60287|6510|7418|7363|2534
9|8|3558|161|190364|193922|35461|46140|66862|8707|16377|12999|3657
12|4|3346|26|148253|151599|19449|40658|50578|9891|9986|14929|2736
12|2|4473|17|159148|163621|21069|57309|54208|9617|8081|5380|3467
11|8|5438|58|181642|187080|78546|59827|19230|9475|4257|3230|7019
7|11|7657|22|163912|171569|30010|48909|38010|30257|11026|4118|1560
14|11|3969|84|157591|161560|44388|53831|20757|9503|6888|17098|5042
20|1|3404|18|150946|154350|42493|45457|37802|5720|7637|10017|1802
6|1|3063|67|166762|169825|55565|60667|27358|6714|8419|4987|2985
32|4|4458|47|170652|175110|28043|76871|30760|14551|10319|4273|5788
30|15|4522|36|181271|185793|60562|48271|46217|7584|8608|6825|3168
20|7|3186|16|150173|153359|22982|53568|51301|5066|9943|6318|979
27|2|4618|16|157345|161963|6418|51986|77569|5073|9272|6209|802
27|3|4570|12|182399|186969|6813|55555|95273|5093|10954|7663|1036
8|8|4401|132|171262|175663|48361|69085|24744|10236|6428|4434|7842
21|1|7278|55|159685|166963|39148|53197|35301|9512|12639|7058|2775
12|5|6730|35|160350|167080|16662|49278|61038|3514|17663|10475|1685
30|19|4626|28|148489|153115|53202|47316|28835|7879|5466|4114|1649
4|2|5372|31|174193|180263|53429|58094|33974|9323|8863|8039|3138
15|40|4472|64|161296|165768|34008|77759|26232|9649|6282|3658|3644
9|1|2820|61|139254|142074|15805|27147|60607|6058|15443|11392|2741
13|7|3569|51|184781|188350|34805|69946|42194|11073|9937|7753|9022
29|3|3647|26|161941|165588|28922|47419|47726|8654|13552|10897|4745
24|4|5725|44|139223|144948|39741|50774|22927|7457|7634|7664|2982
8|7|4045|71|151726|155771|30606|70653|24712|10078|6488|4544|4574
16|2|4183|46|131854|136037|25448|47689|37638|7602|6350|4171|2910
9|14|3251|84|166795|170046|20776|31730|71515|7132|18927|13807|2824
14|9|3583|79|159314|162897|47167|55262|20251|9670|6609|15257|5019
15|6|3004|110|198578|201582|36665|65329|59954|11582|10482|8835|5621
19|12|5704|68|268039|273743|92540|100914|36025|9689|16635|5228|6940
15|11|3081|118|158149|161230|25083|54601|46951|10056|9310|7976|4054
14|8|2896|112|172736|175632|64429|52605|22092|8215|6115|15075|4093
23|1|4601|99|240885|245486|49877|66382|79991|13845|14809|11468|4414
2|5|2263|84|146530|148793|44030|40013|35918|7552|7845|7032|4056
9|12|3490|212|176712|180202|32344|43934|60764|8943|15245|12032|3238
14|6|3489|149|202294|205783|81769|63655|21966|10066|5941|14146|4602
11|2|5712|31|137790|143502|57670|48166|14739|7100|2730|2439|4915
15|28|4458|168|246339|250797|48878|97748|58364|15423|10489|9337|5932
2|1|2978|49|137558|140536|42922|50021|22794|8622|4690|4701|3759
7|5|7880|49|161928|169808|15560|59689|41639|29160|7904|5473|2454
15|36|5481|34|163846|169327|34717|72314|42982|5540|4857|1888|1514
14|19|4937|37|171603|176540|49359|64169|27378|7711|5424|11836|5689
24|3|7032|37|146294|153326|50983|60937|13444|7660|7053|3079|3101
9|7|3394|170|185808|189202|28079|45101|69685|9184|16781|13207|3601
30|2|5297|30|171832|177129|64277|66474|26465|6793|4542|1701|1550
31|5|5029|13|209629|214658|82542|85646|24831|7672|4881|2185|1859
14|1|5272|43|168976|174248|48956|72899|18716|7760|5441|10072|5089
32|3|4157|55|161835|165992|27842|73101|28536|12850|9695|4241|5515
16|5|3500|41|141486|144986|41587|49895|29958|7637|5292|3790|3286
25|2|3962|46|169458|173420|51704|61367|33542|8452|5856|5254|3237
19|1|2950|66|170666|173616|85121|41274|22312|4815|8453|3908|4717
11|3|4647|84|192032|196679|89266|68076|13175|12484|2443|1807|4697
8|4|2850|69|98488|101338|20423|35911|20004|6982|6545|4314|4240
30|12|2694|75|165333|168027|78917|33097|31941|5258|6200|7325|2520
9|11|3015|139|158126|161141|24530|36341|60727|7169|14476|11529|3215
14|10|3539|117|181604|185143|75566|49436|21336|9418|6262|15118|4351
18|1|3442|25|132634|136076|21727|63172|29311|6337|6373|4117|1572
26|2|3857|91|156158|160015|49006|65374|22176|8325|5025|3543|2618
24|2|6650|60|153888|160538|48078|51210|26112|10999|6737|4747|5945
11|12|4660|67|162962|167622|72168|52097|18028|8920|3484|3225|4973
15|34|3231|91|182802|186033|45174|79084|32796|10862|5577|3904|5314
14|4|3666|125|175601|179267|53952|62660|21159|10208|6705|15642|5150
31|3|4237|78|217711|221948|79663|73768|37361|9497|6459|5979|4906
25|6|4219|46|133980|138199|40415|58948|19449|6073|3420|2635|2994
21|15|3479|34|144309|147788|38216|43494|30659|8902|12755|7246|3003
31|2|4503|28|206787|211290|77080|85244|22435|11267|4426|2904|3403
11|13|4659|33|147638|152297|61545|39821|24518|9942|3503|2689|5587
7|1|9622|19|190211|199833|23590|47742|48305|47562|15150|6357|1486
8|1|3722|83|172523|176245|32439|66571|35911|12980|10222|7361|6956
13|2|4513|50|160760|165273|25788|64287|43294|7469|9377|4992|5503
30|10|3478|85|181776|185254|44666|37328|66405|6527|12220|10433|4112
14|17|5055|52|178545|183600|52681|70785|18759|9742|5513|15177|5836
25|3|4112|48|149307|153419|37325|68504|24470|8417|4231|3702|2610
14|18|5177|30|180158|185335|60729|66882|21931|6755|4223|14063|5545
26|3|2963|60|149019|151982|57429|47928|25285|6050|5139|4013|3115
2|3|2947|62|147674|150621|33976|48817|38000|7763|9399|5955|3702
15|14|3250|91|167941|171191|41751|52283|43367|9422|9512|7400|4115
9|10|3864|198|209031|212895|57139|52635|62730|8339|13697|10863|3430
9|3|3384|166|186237|189621|34557|42261|68727|7942|15963|13102|3519
7|4|7169|20|164394|171563|29438|46986|34986|33880|8611|5188|5285
8|2|2936|25|85391|88327|17778|34537|15642|6304|4722|3243|3140
15|39|3314|64|167683|170997|16789|61986|53808|11331|9458|10083|4164
8|9|6460|92|143855|150315|32500|84315|10807|7704|2868|1645|3924
11|4|5600|134|166526|172126|63965|64921|17356|9020|3526|2538|5066
2|6|2852|71|158936|161788|41516|50427|37083|9726|7810|7674|4629
5|3|3187|38|176847|180034|73490|61759|22436|6532|5655|3788|3149
19|11|2856|55|151197|154053|59312|43547|23990|5913|9452|3800|5128
8|6|3804|114|174463|178267|61945|63769|25283|7956|4809|4013|6574
21|11|3489|120|183539|187028|61620|37889|43409|9493|15615|10732|4661
9|26|3972|204|201039|205011|45837|45529|68654|7508|17823|12143|3341
15|1|5320|33|167621|172941|34756|87751|20784|10479|5756|5052|3010
14|14|3521|82|166825|170346|57588|51627|19802|9862|6268|16866|4730
22|2|6739|76|205719|212458|70136|73555|33373|9773|7608|5330|5868
9|21|2845|76|163326|166171|18004|36416|68017|7525|17814|12627|2847
5|6|3044|86|187396|190440|70258|53769|37822|6682|8142|5750|4887
15|2|3616|66|175646|179262|34783|69917|39161|10226|7507|10043|3943
8|3|2468|112|130886|133354|36824|40109|29591|6502|6695|5678|5375
1|1|4386|75|148082|152468|44735|57377|14369|8544|5985|2991|14006
14|3|5390|72|166827|172217|66134|71485|7492|8132|1913|7789|3810
29|1|4588|34|168856|173444|36977|57160|40008|11326|9928|7501|5922
20|6|5360|65|123033|128393|12933|33639|48619|5091|9987|11600|1099
14|2|4695|36|163319|168014|65864|65734|10413|10037|2076|5443|3716
21|3|4858|21|146761|151619|48751|49336|21323|9473|9613|5044|3200
1|3|4042|126|155344|159386|57346|48979|24218|7265|5361|4696|7353
26|6|4857|49|164106|168963|34741|63492|42135|7536|7780|6270|2103
9|5|2925|167|167186|170111|40766|35326|58295|5465|14474|9981|2712
9|20|3292|159|183087|186379|30428|40219|66921|7818|20168|13747|3627
15|15|3290|112|175326|178616|56875|50959|40827|8198|8368|6465|3522
7|7|6051|37|134595|140646|31637|36086|27361|22122|8868|4012|4472
22|4|4821|112|221930|226751|84711|68984|42623|7649|7130|6107|4614
15|12|4600|96|207613|212213|28663|73799|63977|13172|10929|11547|5430
9|6|3113|110|165969|169082|21983|37736|66391|7713|15864|12797|3375
